date	hour	hour_dec	time_row	I	Tdb	rh	wind 	Patm	mdot_a
01_07_2021	1	1	1	0.0	12.8	90	2.5	97840	0.2
01_07_2021	2	2	2	0.0	12.8	90	1.4	97840	0.2
01_07_2021	3	3	3	0.0	12.9	88	1.4	97850	0.2
01_07_2021	4	4	4	8.3	12.7	91	1.8	97860	0.2
01_07_2021	5	5	5	27.8	13	87	2	97880	0.2
01_07_2021	6	6	6	55.6	13.1	90	2.2	97890	0.2
01_07_2021	7	7	7	58.3	13.6	85	1.9	97920	0.2
01_07_2021	8	8	8	161.1	14.4	80	2.5	97940	0.2
01_07_2021	9	9	9	161.1	15.3	77	3.1	97940	0.2
01_07_2021	10	10	10	266.7	16.1	71	3	97960	0.2
01_07_2021	11	11	11	158.3	13.4	89	4.5	97990	0.2
01_07_2021	12	12	12	261.1	15.3	73	4.3	98000	0.2
01_07_2021	13	13	13	275.0	15.7	71	3.9	98010	0.2
01_07_2021	14	14	14	77.8	15.8	72	3.4	98020	0.2
01_07_2021	15	15	15	119.4	15.5	75	5	98040	0.2
01_07_2021	16	16	16	94.4	15.8	68	4.4	98060	0.2
01_07_2021	17	17	17	97.2	16.1	67	3.8	98040	0.2
01_07_2021	18	18	18	83.3	16.5	63	3	98050	0.2
01_07_2021	19	19	19	19.4	15.9	69	3.1	98060	0.2
01_07_2021	20	20	20	0.0	15.6	73	1.5	98070	0.2
01_07_2021	21	21	21	0.0	15.6	72	1.4	98090	0.2
01_07_2021	22	22	22	0.0	15.3	72	1.5	98070	0.2
01_07_2021	23	23	23	0.0	14.9	73	1.4	98070	0.2
02_07_2021	0	0	24	0.0	14.1	77	1.8	98060	0.2
02_07_2021	1	1	25	0.0	14.1	77	1.8	98030	0.2
02_07_2021	2	2	26	0.0	13.7	79	2	98030	0.2
02_07_2021	3	3	27	0.0	13.4	79	1.9	98030	0.2
02_07_2021	4	4	28	16.7	13.4	79	2.4	98040	0.2
02_07_2021	5	5	29	86.1	13.5	82	1.2	98060	0.2
02_07_2021	6	6	30	244.4	15	76	1	98080	0.2
02_07_2021	7	7	31	461.1	17.3	66	2.7	98110	0.2
02_07_2021	8	8	32	544.4	17.4	59	4.4	98130	0.2
02_07_2021	9	9	33	561.1	18.5	54	4.3	98150	0.2
02_07_2021	10	10	34	808.3	19.3	54	4.5	98170	0.2
02_07_2021	11	11	35	827.8	19.7	49	4.5	98170	0.2
02_07_2021	12	12	36	877.8	19.9	48	4.8	98180	0.2
02_07_2021	13	13	37	769.4	20.2	47	4.9	98160	0.2
02_07_2021	14	14	38	744.4	21.3	46	3.9	98130	0.2
02_07_2021	15	15	39	497.2	20.9	47	3.7	98160	0.2
02_07_2021	16	16	40	480.6	21.7	49	3.4	98130	0.2
02_07_2021	17	17	41	333.3	21.6	50	4	98140	0.2
02_07_2021	18	18	42	163.9	21.2	46	3.6	98130	0.2
02_07_2021	19	19	43	30.6	20.3	52	2.4	98100	0.2
02_07_2021	20	20	44	0.0	19	57	1	98120	0.2
02_07_2021	21	21	45	0.0	18.1	62	1.1	98150	0.2
02_07_2021	22	22	46	0.0	16.6	71	1.5	98130	0.2
02_07_2021	23	23	47	0.0	15.4	76	2.5	98140	0.2
03_07_2021	0	0	48	0.0	15.1	79	3.6	98100	0.2
03_07_2021	1	1	49	0.0	14.1	84	2.9	98090	0.2
03_07_2021	2	2	50	0.0	13.5	87	2.1	98080	0.2
03_07_2021	3	3	51	0.0	12.8	89	2.3	98070	0.2
03_07_2021	4	4	52	27.8	12.5	91	2.8	98060	0.2
03_07_2021	5	5	53	158.3	13.8	84	2.4	98070	0.2
03_07_2021	6	6	54	313.9	15.6	76	3	98060	0.2
03_07_2021	7	7	55	472.2	17.7	66	2.1	98040	0.2
03_07_2021	8	8	56	594.4	19.9	63	1.9	98020	0.2
03_07_2021	9	9	57	744.4	21.6	53	2	97980	0.2
03_07_2021	10	10	58	833.3	23	48	2.2	97950	0.2
03_07_2021	11	11	59	905.6	23.3	41	2.2	97900	0.2
03_07_2021	12	12	60	922.2	24.4	39	1.8	97850	0.2
03_07_2021	13	13	61	897.2	25.3	40	1.8	97790	0.2
03_07_2021	14	14	62	680.6	25.1	36	2	97750	0.2
03_07_2021	15	15	63	472.2	25.4	38	1.8	97720	0.2
03_07_2021	16	16	64	113.9	24.6	42	1.7	97700	0.2
03_07_2021	17	17	65	52.8	23.9	43	1.6	97690	0.2
03_07_2021	18	18	66	27.8	23.2	47	2	97690	0.2
03_07_2021	19	19	67	2.8	20.5	65	2.2	97730	0.2
03_07_2021	20	20	68	0.0	18.3	78	3.9	97740	0.2
03_07_2021	21	21	69	0.0	17.8	83	3.2	97780	0.2
03_07_2021	22	22	70	0.0	17.6	85	2.7	97760	0.2
03_07_2021	23	23	71	0.0	17.9	78	1.2	97760	0.2
04_07_2021	0	0	72	0.0	17.4	80	2	97710	0.2
04_07_2021	1	1	73	0.0	17.2	81	2	97700	0.2
04_07_2021	2	2	74	0.0	16.6	85	1.4	97680	0.2
04_07_2021	3	3	75	0.0	16.4	85	1.8	97660	0.2
04_07_2021	4	4	76	33.3	15.9	90	1.8	97640	0.2
04_07_2021	5	5	77	72.2	17	86	2.8	97640	0.2
04_07_2021	6	6	78	213.9	17.9	81	2.6	97590	0.2
04_07_2021	7	7	79	452.8	19.4	75	2	97570	0.2
04_07_2021	8	8	80	619.4	20.5	68	1.9	97530	0.2
04_07_2021	9	9	81	711.1	21.5	60	1.8	97510	0.2
04_07_2021	10	10	82	402.8	21.1	63	2.9	97460	0.2
04_07_2021	11	11	83	350.0	22.2	58	2.3	97410	0.2
04_07_2021	12	12	84	352.8	22.7	56	1.9	97320	0.2
04_07_2021	13	13	85	438.9	22.2	68	2.5	97310	0.2
04_07_2021	14	14	86	347.2	21.1	73	3.4	97290	0.2
04_07_2021	15	15	87	311.1	21	66	4.6	97290	0.2
04_07_2021	16	16	88	144.4	21.1	65	4.6	97330	0.2
04_07_2021	17	17	89	97.2	18.1	69	7.2	97420	0.2
04_07_2021	18	18	90	36.1	17.7	69	5.3	97490	0.2
04_07_2021	19	19	91	19.4	16.8	78	1.7	97540	0.2
04_07_2021	20	20	92	0.0	16.2	83	2.2	97570	0.2
04_07_2021	21	21	93	0.0	16.1	81	2.8	97620	0.2
04_07_2021	22	22	94	0.0	16.2	78	2.7	97630	0.2
04_07_2021	23	23	95	0.0	16.4	77	2.4	97600	0.2
05_07_2021	0	0	96	0.0	16.5	78	2.2	97610	0.2
05_07_2021	1	1	97	0.0	16.1	82	2.6	97600	0.2
05_07_2021	2	2	98	0.0	16.2	81	2.8	97560	0.2
05_07_2021	3	3	99	0.0	16.6	78	2.9	97550	0.2
05_07_2021	4	4	100	22.2	16.5	77	3	97540	0.2
05_07_2021	5	5	101	83.3	16.5	80	1.9	97560	0.2
05_07_2021	6	6	102	94.4	17.5	75	2	97580	0.2
05_07_2021	7	7	103	133.3	17	80	2.3	97560	0.2
05_07_2021	8	8	104	222.2	17.4	79	2	97570	0.2
05_07_2021	9	9	105	241.7	17.6	79	2.1	97560	0.2
05_07_2021	10	10	106	155.6	17.4	82	2.1	97570	0.2
05_07_2021	11	11	107	216.7	17.2	85	2.4	97520	0.2
05_07_2021	12	12	108	216.7	17.6	84	2.6	97510	0.2
05_07_2021	13	13	109	377.8	19.5	77	3.8	97480	0.2
05_07_2021	14	14	110	319.4	20.1	70	3.4	97490	0.2
05_07_2021	15	15	111	341.7	20.7	66	3.2	97480	0.2
05_07_2021	16	16	112	350.0	21.4	65	2.6	97470	0.2
05_07_2021	17	17	113	275.0	22.2	57	2.9	97420	0.2
05_07_2021	18	18	114	108.3	21.8	59	2.4	97450	0.2
05_07_2021	19	19	115	27.8	21	62	1.5	97460	0.2
05_07_2021	20	20	116	0.0	19.7	68	2	97490	0.2
05_07_2021	21	21	117	0.0	18.6	75	2.8	97500	0.2
05_07_2021	22	22	118	0.0	17.9	78	2.7	97490	0.2
05_07_2021	23	23	119	0.0	17.2	83	3.1	97450	0.2
06_07_2021	0	0	120	0.0	16.8	84	3.3	97430	0.2
06_07_2021	1	1	121	0.0	16.5	85	4	97390	0.2
06_07_2021	2	2	122	0.0	16.7	83	4.3	97350	0.2
06_07_2021	3	3	123	0.0	15.9	85	3.7	97290	0.2
06_07_2021	4	4	124	38.9	15.2	90	2.6	97260	0.2
06_07_2021	5	5	125	111.1	16.8	82	2.4	97230	0.2
06_07_2021	6	6	126	316.7	19.1	72	3.3	97220	0.2
06_07_2021	7	7	127	466.7	21.5	61	2.8	97220	0.2
06_07_2021	8	8	128	547.2	23.8	58	1.9	97220	0.2
06_07_2021	9	9	129	486.1	25.4	52	2.8	97320	0.2
06_07_2021	10	10	130	297.2	20.1	70	6.8	97510	0.2
06_07_2021	11	11	131	408.3	20.7	72	5.1	97450	0.2
06_07_2021	12	12	132	330.6	21.6	66	2.7	97500	0.2
06_07_2021	13	13	133	261.1	21.4	69	3.2	97550	0.2
06_07_2021	14	14	134	261.1	21.2	70	2.7	97600	0.2
06_07_2021	15	15	135	138.9	21.3	77	1.2	97540	0.2
06_07_2021	16	16	136	58.3	19.6	85	1.7	97560	0.2
06_07_2021	17	17	137	52.8	19.1	90	1.3	97570	0.2
06_07_2021	18	18	138	16.7	18.9	92	1.3	97620	0.2
06_07_2021	19	19	139	2.8	17.9	79	2.2	97720	0.2
06_07_2021	20	20	140	0.0	15.6	86	2.6	97750	0.2
06_07_2021	21	21	141	0.0	15.5	89	2.4	97790	0.2
06_07_2021	22	22	142	0.0	15.2	94	1.4	97780	0.2
06_07_2021	23	23	143	0.0	15.2	95	1	97850	0.2
07_07_2021	0	0	144	0.0	15.2	97	1.1	97820	0.2
07_07_2021	1	1	145	0.0	15.3	97	0.9	97850	0.2
07_07_2021	2	2	146	0.0	15.3	97	1.1	97810	0.2
07_07_2021	3	3	147	0.0	15.2	97	1.1	97850	0.2
07_07_2021	4	4	148	2.8	15	97	1.5	97910	0.2
07_07_2021	5	5	149	27.8	14.8	96	1.1	97910	0.2
07_07_2021	6	6	150	77.8	15.3	95	0.9	97970	0.2
07_07_2021	7	7	151	77.8	15.6	90	1.1	98010	0.2
07_07_2021	8	8	152	194.4	16.2	88	1.1	98060	0.2
07_07_2021	9	9	153	188.9	16.3	86	1.6	98090	0.2
07_07_2021	10	10	154	233.3	17	82	1.7	98150	0.2
07_07_2021	11	11	155	366.7	18	75	1.2	98150	0.2
07_07_2021	12	12	156	505.6	19	72	0.8	98130	0.2
07_07_2021	13	13	157	511.1	19.8	73	1.4	98110	0.2
07_07_2021	14	14	158	427.8	20.8	69	1.3	98140	0.2
07_07_2021	15	15	159	391.7	21.1	67	2.8	98140	0.2
07_07_2021	16	16	160	302.8	21.3	67	3.2	98110	0.2
07_07_2021	17	17	161	163.9	20.4	69	3.3	98100	0.2
07_07_2021	18	18	162	175.0	21.1	64	3.1	98110	0.2
07_07_2021	19	19	163	36.1	20.6	67	2.2	98130	0.2
07_07_2021	20	20	164	0.0	18.8	76	1.7	98180	0.2
07_07_2021	21	21	165	0.0	18.8	74	3.3	98200	0.2
07_07_2021	22	22	166	0.0	17.6	82	2.7	98200	0.2
07_07_2021	23	23	167	0.0	17.5	83	1.1	98220	0.2
08_07_2021	0	0	168	0.0	17.7	82	1	98260	0.2
08_07_2021	1	1	169	0.0	16.7	90	1.1	98240	0.2
08_07_2021	2	2	170	0.0	16.8	89	1.7	98170	0.2
08_07_2021	3	3	171	0.0	16.6	90	1.8	98150	0.2
08_07_2021	4	4	172	11.1	16.3	93	1.1	98210	0.2
08_07_2021	5	5	173	38.9	16.1	95	2.2	98170	0.2
08_07_2021	6	6	174	52.8	16.8	91	1.9	98220	0.2
08_07_2021	7	7	175	88.9	17.4	88	1.5	98260	0.2
08_07_2021	8	8	176	175.0	17.7	89	1.7	98260	0.2
08_07_2021	9	9	177	347.2	19.4	81	1.1	98270	0.2
08_07_2021	10	10	178	222.2	19.4	78	1.3	98290	0.2
08_07_2021	11	11	179	261.1	20.8	74	0.9	98250	0.2
08_07_2021	12	12	180	122.2	19	80	1.3	98280	0.2
08_07_2021	13	13	181	327.8	19.1	81	3.6	98190	0.2
08_07_2021	14	14	182	427.8	19.3	78	4	98230	0.2
08_07_2021	15	15	183	413.9	20.1	75	4	98170	0.2
08_07_2021	16	16	184	347.2	20.7	74	5	98160	0.2
08_07_2021	17	17	185	113.9	19.1	80	5.5	98180	0.2
08_07_2021	18	18	186	22.2	18.2	81	5.3	98230	0.2
08_07_2021	19	19	187	5.6	17.8	83	4.9	98200	0.2
08_07_2021	20	20	188	0.0	17.1	85	4.4	98260	0.2
08_07_2021	21	21	189	0.0	16.9	86	4.4	98260	0.2
08_07_2021	22	22	190	0.0	16.1	90	4.6	98290	0.2
08_07_2021	23	23	191	0.0	15.8	90	4.3	98280	0.2
09_07_2021	0	0	192	0.0	15.2	92	5.3	98170	0.2
09_07_2021	1	1	193	0.0	15.3	92	4.5	98220	0.2
09_07_2021	2	2	194	0.0	15	93	4.4	98190	0.2
09_07_2021	3	3	195	0.0	14.8	94	4.8	98210	0.2
09_07_2021	4	4	196	2.8	14.9	92	4.5	98210	0.2
09_07_2021	5	5	197	22.2	14.4	93	5.7	98250	0.2
09_07_2021	6	6	198	50.0	14.6	92	5.5	98290	0.2
09_07_2021	7	7	199	100.0	14.7	93	5.4	98350	0.2
09_07_2021	8	8	200	166.7	15.7	90	4	98390	0.2
09_07_2021	9	9	201	355.6	16.9	80	4	98390	0.2
09_07_2021	10	10	202	458.3	18.4	73	4.3	98420	0.2
09_07_2021	11	11	203	808.3	20	65	4.8	98410	0.2
09_07_2021	12	12	204	447.2	20.8	65	4.8	98380	0.2
09_07_2021	13	13	205	588.9	20.9	63	4.1	98360	0.2
09_07_2021	14	14	206	541.7	21.4	67	4.4	98370	0.2
09_07_2021	15	15	207	291.7	19.2	61	5.2	98390	0.2
09_07_2021	16	16	208	177.8	19.6	66	3.5	98380	0.2
09_07_2021	17	17	209	200.0	19.3	62	3.8	98380	0.2
09_07_2021	18	18	210	52.8	17.9	75	2.9	98390	0.2
09_07_2021	19	19	211	13.9	17.7	77	1.8	98410	0.2
09_07_2021	20	20	212	0.0	16.9	76	1.9	98450	0.2
09_07_2021	21	21	213	0.0	17.2	72	1.6	98460	0.2
09_07_2021	22	22	214	0.0	15.4	84	1	98430	0.2
09_07_2021	23	23	215	0.0	15	87	0.8	98420	0.2
10_07_2021	0	0	216	0.0	14.6	92	1.8	98400	0.2
10_07_2021	1	1	217	0.0	14.1	94	2.4	98340	0.2
10_07_2021	2	2	218	0.0	13.5	95	2.5	98290	0.2
10_07_2021	3	3	219	0.0	13.1	96	2.2	98260	0.2
10_07_2021	4	4	220	25.0	12.5	98	1.7	98230	0.2
10_07_2021	5	5	221	144.4	13	97	2.2	98240	0.2
10_07_2021	6	6	222	305.6	14.8	87	3.5	98220	0.2
10_07_2021	7	7	223	472.2	17.3	78	2.9	98210	0.2
10_07_2021	8	8	224	597.2	18.8	68	2.4	98170	0.2
10_07_2021	9	9	225	736.1	20.4	65	2.6	98130	0.2
10_07_2021	10	10	226	758.3	21.5	60	2.2	98100	0.2
10_07_2021	11	11	227	747.2	22.5	60	2.4	98050	0.2
10_07_2021	12	12	228	850.0	23.4	50	2.2	97950	0.2
10_07_2021	13	13	229	680.6	23.7	49	2.8	97900	0.2
10_07_2021	14	14	230	483.3	24.4	51	3.1	97850	0.2
10_07_2021	15	15	231	605.6	24.8	48	3.3	97780	0.2
10_07_2021	16	16	232	352.8	25.1	46	3.2	97720	0.2
10_07_2021	17	17	233	208.3	24.2	47	3.5	97670	0.2
10_07_2021	18	18	234	88.9	23.2	49	4.2	97640	0.2
10_07_2021	19	19	235	11.1	22.1	58	3.8	97630	0.2
10_07_2021	20	20	236	0.0	21.7	62	2.9	97660	0.2
10_07_2021	21	21	237	0.0	20.3	71	4.1	97800	0.2
10_07_2021	22	22	238	0.0	17.5	80	6.3	97850	0.2
10_07_2021	23	23	239	0.0	16.9	84	2.2	97930	0.2
11_07_2021	0	0	240	0.0	16.7	91	1.7	97970	0.2
11_07_2021	1	1	241	0.0	15.7	89	2.4	97960	0.2
11_07_2021	2	2	242	0.0	15.7	85	2.2	97960	0.2
11_07_2021	3	3	243	0.0	15.6	86	1.9	97980	0.2
11_07_2021	4	4	244	13.9	15.5	86	1.5	97980	0.2
11_07_2021	5	5	245	44.4	15.9	86	1.3	98000	0.2
11_07_2021	6	6	246	169.4	16	88	0.8	98020	0.2
11_07_2021	7	7	247	519.4	17.4	73	2.2	98040	0.2
11_07_2021	8	8	248	341.7	17.8	71	3.1	98050	0.2
11_07_2021	9	9	249	455.6	18.7	63	3.7	98070	0.2
11_07_2021	10	10	250	388.9	18.6	64	4.2	98090	0.2
11_07_2021	11	11	251	486.1	19.3	63	3.7	98080	0.2
11_07_2021	12	12	252	477.8	19.8	60	2.8	98080	0.2
11_07_2021	13	13	253	450.0	21	55	2	98050	0.2
11_07_2021	14	14	254	438.9	20.7	60	2	98040	0.2
11_07_2021	15	15	255	388.9	21.2	56	1.3	98000	0.2
11_07_2021	16	16	256	222.2	21.2	58	1.6	97950	0.2
11_07_2021	17	17	257	155.6	21.1	56	0.6	97910	0.2
11_07_2021	18	18	258	147.2	21.2	57	0.8	97900	0.2
11_07_2021	19	19	259	33.3	20.5	59	1.1	97880	0.2
11_07_2021	20	20	260	0.0	19	67	1.4	97890	0.2
11_07_2021	21	21	261	0.0	18.5	70	1.2	97880	0.2
11_07_2021	22	22	262	0.0	16.6	80	1.1	97860	0.2
11_07_2021	23	23	263	0.0	15.5	85	0.6	97850	0.2
12_07_2021	0	0	264	0.0	14.6	90	0.7	97820	0.2
12_07_2021	1	1	265	0.0	14.1	92	1.6	97740	0.2
12_07_2021	2	2	266	0.0	13.7	93	1.3	97700	0.2
12_07_2021	3	3	267	0.0	13.5	95	1	97690	0.2
12_07_2021	4	4	268	27.8	12.7	98	1.4	97650	0.2
12_07_2021	5	5	269	152.8	14.1	90	1.8	97620	0.2
12_07_2021	6	6	270	313.9	16	80	1.6	97600	0.2
12_07_2021	7	7	271	427.8	18	73	2.8	97570	0.2
12_07_2021	8	8	272	602.8	20.6	71	1.9	97480	0.2
12_07_2021	9	9	273	755.6	22.2	61	3.8	97400	0.2
12_07_2021	10	10	274	808.3	23.7	57	4.8	97410	0.2
12_07_2021	11	11	275	513.9	23.8	52	4.3	97380	0.2
12_07_2021	12	12	276	713.9	25.2	54	3.6	97340	0.2
12_07_2021	13	13	277	702.8	26.2	51	3.3	97310	0.2
12_07_2021	14	14	278	447.2	25.9	52	3.5	97240	0.2
12_07_2021	15	15	279	377.8	25.8	49	2.6	97200	0.2
12_07_2021	16	16	280	241.7	26	51	1.8	97190	0.2
12_07_2021	17	17	281	197.2	25.3	54	1.7	97180	0.2
12_07_2021	18	18	282	138.9	25	55	1.9	97140	0.2
12_07_2021	19	19	283	27.8	24.3	59	1.5	97170	0.2
12_07_2021	20	20	284	0.0	23.5	64	1	97200	0.2
12_07_2021	21	21	285	0.0	22.3	72	1.4	97230	0.2
12_07_2021	22	22	286	0.0	19.9	82	5.7	97260	0.2
12_07_2021	23	23	287	0.0	19.3	87	3.7	97240	0.2
13_07_2021	0	0	288	0.0	18.2	87	4.8	97230	0.2
13_07_2021	1	1	289	0.0	17.8	87	4.3	97260	0.2
13_07_2021	2	2	290	0.0	17.2	94	3.4	97210	0.2
13_07_2021	3	3	291	0.0	16.8	95	3.1	97290	0.2
13_07_2021	4	4	292	5.6	16.9	97	2.6	97130	0.2
13_07_2021	5	5	293	58.3	17.1	96	1	97110	0.2
13_07_2021	6	6	294	66.7	17.4	93	0.7	97090	0.2
13_07_2021	7	7	295	52.8	17.8	92	0.9	97120	0.2
13_07_2021	8	8	296	61.1	17.3	93	2.2	97140	0.2
13_07_2021	9	9	297	80.6	17.8	95	2.7	97150	0.2
13_07_2021	10	10	298	72.2	16	95	4.8	97240	0.2
13_07_2021	11	11	299	133.3	15.7	91	4.4	97320	0.2
13_07_2021	12	12	300	122.2	15.9	88	2.1	97380	0.2
13_07_2021	13	13	301	194.4	16.7	82	1.9	97420	0.2
13_07_2021	14	14	302	252.8	17.6	81	1	97460	0.2
13_07_2021	15	15	303	125.0	17.3	76	1.7	97410	0.2
13_07_2021	16	16	304	133.3	17.1	76	2.4	97430	0.2
13_07_2021	17	17	305	208.3	17.7	75	2.4	97420	0.2
13_07_2021	18	18	306	102.8	17.5	74	2.2	97460	0.2
13_07_2021	19	19	307	19.4	17.2	76	1.4	97490	0.2
13_07_2021	20	20	308	0.0	16.5	80	1.8	97480	0.2
13_07_2021	21	21	309	0.0	16	80	1.3	97450	0.2
13_07_2021	22	22	310	0.0	15.5	80	0.5	97420	0.2
13_07_2021	23	23	311	0.0	14.5	93	0.8	97520	0.2
14_07_2021	0	0	312	0.0	14.2	86	1.7	97470	0.2
14_07_2021	1	1	313	0.0	13.6	88	2.4	97390	0.2
14_07_2021	2	2	314	0.0	13.7	90	2.6	97480	0.2
14_07_2021	3	3	315	0.0	13.5	89	2.1	97450	0.2
14_07_2021	4	4	316	11.1	13.4	90	2.1	97450	0.2
14_07_2021	5	5	317	47.2	13.7	88	1.7	97450	0.2
14_07_2021	6	6	318	69.4	14.2	86	1.5	97460	0.2
14_07_2021	7	7	319	83.3	14.6	84	1.1	97480	0.2
14_07_2021	8	8	320	77.8	15	83	1.4	97490	0.2
14_07_2021	9	9	321	150.0	15.2	86	0.8	97540	0.2
14_07_2021	10	10	322	300.0	16.1	83	1	97530	0.2
14_07_2021	11	11	323	513.9	18.8	72	1.2	97560	0.2
14_07_2021	12	12	324	594.4	19.7	61	2.4	97530	0.2
14_07_2021	13	13	325	461.1	20	58	2.9	97480	0.2
14_07_2021	14	14	326	563.9	20.2	56	2.9	97480	0.2
14_07_2021	15	15	327	472.2	20.5	57	3.1	97490	0.2
14_07_2021	16	16	328	238.9	19.7	65	2.9	97490	0.2
14_07_2021	17	17	329	94.4	19	67	3	97490	0.2
14_07_2021	18	18	330	77.8	18.2	73	2.8	97500	0.2
14_07_2021	19	19	331	8.3	17.4	80	1.7	97480	0.2
14_07_2021	20	20	332	0.0	17.2	78	0.9	97510	0.2
14_07_2021	21	21	333	0.0	16.6	79	2	97490	0.2
14_07_2021	22	22	334	0.0	15.8	85	2.7	97460	0.2
14_07_2021	23	23	335	0.0	15.7	83	2.2	97480	0.2
15_07_2021	0	0	336	0.0	15.8	81	2.4	97480	0.2
15_07_2021	1	1	337	0.0	14.7	91	2.6	97440	0.2
15_07_2021	2	2	338	0.0	14.8	90	2.6	97420	0.2
15_07_2021	3	3	339	0.0	14.8	86	2.5	97430	0.2
15_07_2021	4	4	340	13.9	14.6	89	1.8	97450	0.2
15_07_2021	5	5	341	47.2	15	88	2	97440	0.2
15_07_2021	6	6	342	88.9	15.1	89	2.5	97460	0.2
15_07_2021	7	7	343	127.8	16.2	82	1.1	97510	0.2
15_07_2021	8	8	344	186.1	16.3	80	1.2	97510	0.2
15_07_2021	9	9	345	222.2	16.9	77	1	97560	0.2
15_07_2021	10	10	346	347.2	17.4	73	1.6	97590	0.2
15_07_2021	11	11	347	319.4	17.7	79	1.8	97600	0.2
15_07_2021	12	12	348	272.2	17.7	77	2.9	97610	0.2
15_07_2021	13	13	349	322.2	19.3	67	3	97640	0.2
15_07_2021	14	14	350	361.1	19.7	70	2.9	97660	0.2
15_07_2021	15	15	351	488.9	20	68	2.6	97650	0.2
15_07_2021	16	16	352	402.8	20.6	63	2.8	97660	0.2
15_07_2021	17	17	353	50.0	20.1	66	3.1	97690	0.2
15_07_2021	18	18	354	19.4	16.2	89	3.2	97770	0.2
15_07_2021	19	19	355	11.1	16.1	91	1.5	97750	0.2
15_07_2021	20	20	356	0.0	15.8	94	2.2	97850	0.2
15_07_2021	21	21	357	0.0	15.6	94	2	97920	0.2
15_07_2021	22	22	358	0.0	15.5	95	2.3	97920	0.2
15_07_2021	23	23	359	0.0	15.5	96	1.6	97950	0.2
16_07_2021	0	0	360	0.0	15.2	96	1.8	97940	0.2
16_07_2021	1	1	361	0.0	14.9	97	1.5	97960	0.2
16_07_2021	2	2	362	0.0	14.6	96	2	97970	0.2
16_07_2021	3	3	363	0.0	14.5	96	1.2	97980	0.2
16_07_2021	4	4	364	16.7	14.4	96	2.2	98000	0.2
16_07_2021	5	5	365	58.3	14.5	95	1.4	98020	0.2
16_07_2021	6	6	366	161.1	15.3	93	0.9	98070	0.2
16_07_2021	7	7	367	250.0	16.1	91	0.8	98110	0.2
16_07_2021	8	8	368	275.0	16.8	87	1.3	98160	0.2
16_07_2021	9	9	369	547.2	17.7	79	2.3	98200	0.2
16_07_2021	10	10	370	686.1	19.6	71	2.4	98190	0.2
16_07_2021	11	11	371	569.4	21	65	2.1	98190	0.2
16_07_2021	12	12	372	730.6	21.6	60	3.1	98200	0.2
16_07_2021	13	13	373	344.4	21.6	63	2.8	98180	0.2
16_07_2021	14	14	374	500.0	22.6	57	1.9	98190	0.2
16_07_2021	15	15	375	230.6	22.3	59	1.8	98180	0.2
16_07_2021	16	16	376	394.4	24.1	54	1.1	98170	0.2
16_07_2021	17	17	377	230.6	23.5	54	1.8	98180	0.2
16_07_2021	18	18	378	138.9	23.3	65	2.7	98200	0.2
16_07_2021	19	19	379	13.9	21.1	75	4	98240	0.2
16_07_2021	20	20	380	0.0	20	83	3.3	98350	0.2
16_07_2021	21	21	381	0.0	19.6	86	2.4	98400	0.2
16_07_2021	22	22	382	0.0	18.9	86	3.2	98420	0.2
16_07_2021	23	23	383	0.0	17.5	89	4.5	98430	0.2
17_07_2021	0	0	384	0.0	16.9	90	4.6	98460	0.2
17_07_2021	1	1	385	0.0	16.3	92	4.6	98450	0.2
17_07_2021	2	2	386	0.0	16.2	92	4.4	98450	0.2
17_07_2021	3	3	387	0.0	15.9	93	4	98440	0.2
17_07_2021	4	4	388	5.6	16.1	91	4	98430	0.2
17_07_2021	5	5	389	33.3	16	92	3.8	98480	0.2
17_07_2021	6	6	390	72.2	16.7	89	3.2	98470	0.2
17_07_2021	7	7	391	113.9	16.7	90	3.2	98510	0.2
17_07_2021	8	8	392	91.7	17.1	88	3.2	98530	0.2
17_07_2021	9	9	393	169.4	18	86	2.3	98530	0.2
17_07_2021	10	10	394	233.3	18.2	84	2.8	98520	0.2
17_07_2021	11	11	395	263.9	19.6	79	3.4	98460	0.2
17_07_2021	12	12	396	166.7	19.6	79	4	98470	0.2
17_07_2021	13	13	397	347.2	20.3	77	4.1	98430	0.2
17_07_2021	14	14	398	400.0	21.3	72	5.4	98420	0.2
17_07_2021	15	15	399	313.9	21.1	75	5.5	98380	0.2
17_07_2021	16	16	400	350.0	22.4	72	4.7	98340	0.2
17_07_2021	17	17	401	125.0	22.4	71	4.5	98320	0.2
17_07_2021	18	18	402	72.2	22.4	73	4.4	98310	0.2
17_07_2021	19	19	403	11.1	22	76	4.6	98330	0.2
17_07_2021	20	20	404	0.0	21.3	79	5.1	98360	0.2
17_07_2021	21	21	405	0.0	20.4	83	5	98390	0.2
17_07_2021	22	22	406	0.0	20.5	76	3.6	98410	0.2
17_07_2021	23	23	407	0.0	19	85	3	98380	0.2
18_07_2021	0	0	408	0.0	18.4	86	3.5	98360	0.2
18_07_2021	1	1	409	0.0	18	83	3.6	98350	0.2
18_07_2021	2	2	410	0.0	17	82	3.5	98340	0.2
18_07_2021	3	3	411	0.0	16.1	82	3.2	98360	0.2
18_07_2021	4	4	412	22.2	15.6	84	3.5	98360	0.2
18_07_2021	5	5	413	125.0	16	78	3.5	98390	0.2
18_07_2021	6	6	414	283.3	17	71	3.2	98410	0.2
18_07_2021	7	7	415	450.0	18.2	65	2.9	98440	0.2
18_07_2021	8	8	416	608.3	19	63	2.2	98450	0.2
18_07_2021	9	9	417	741.7	20.5	64	2.1	98430	0.2
18_07_2021	10	10	418	844.4	21.6	59	2.8	98390	0.2
18_07_2021	11	11	419	891.7	22.5	56	3.2	98370	0.2
18_07_2021	12	12	420	891.7	23.7	54	3.9	98340	0.2
18_07_2021	13	13	421	833.3	24.6	50	3.5	98290	0.2
18_07_2021	14	14	422	725.0	25.5	49	3.9	98260	0.2
18_07_2021	15	15	423	569.4	26	47	3.3	98230	0.2
18_07_2021	16	16	424	438.9	26	48	3.2	98190	0.2
18_07_2021	17	17	425	250.0	25.7	50	3.5	98180	0.2
18_07_2021	18	18	426	119.4	25.3	52	3.2	98190	0.2
18_07_2021	19	19	427	22.2	24.4	54	2.8	98190	0.2
18_07_2021	20	20	428	0.0	22.5	63	2.7	98240	0.2
18_07_2021	21	21	429	0.0	21.7	66	3	98270	0.2
18_07_2021	22	22	430	0.0	21	67	3	98270	0.2
18_07_2021	23	23	431	0.0	20.2	69	1.6	98290	0.2
19_07_2021	0	0	432	0.0	19.4	73	0.9	98260	0.2
19_07_2021	1	1	433	0.0	18.1	78	2.3	98260	0.2
19_07_2021	2	2	434	0.0	17.7	79	2.7	98240	0.2
19_07_2021	3	3	435	0.0	17.3	80	2.8	98240	0.2
19_07_2021	4	4	436	19.4	17.1	81	2.3	98240	0.2
19_07_2021	5	5	437	86.1	16.6	83	1.9	98240	0.2
19_07_2021	6	6	438	280.6	18	77	2	98250	0.2
19_07_2021	7	7	439	438.9	20.1	69	0.9	98240	0.2
19_07_2021	8	8	440	600.0	21.3	67	1.4	98220	0.2
19_07_2021	9	9	441	733.3	22.9	61	1.5	98200	0.2
19_07_2021	10	10	442	688.9	24.5	58	2	98170	0.2
19_07_2021	11	11	443	811.1	24.6	52	2.6	98140	0.2
19_07_2021	12	12	444	747.2	25.8	50	2	98100	0.2
19_07_2021	13	13	445	697.2	25.6	46	2.4	98060	0.2
19_07_2021	14	14	446	450.0	25.3	50	2.9	98040	0.2
19_07_2021	15	15	447	280.6	25	54	3.2	98010	0.2
19_07_2021	16	16	448	236.1	24.6	57	3.8	98000	0.2
19_07_2021	17	17	449	341.7	25.5	53	3.5	97970	0.2
19_07_2021	18	18	450	161.1	24.4	54	4.6	97970	0.2
19_07_2021	19	19	451	19.4	23.2	56	3.7	98010	0.2
19_07_2021	20	20	452	0.0	21.7	60	3.8	98070	0.2
19_07_2021	21	21	453	0.0	20.6	65	3.7	98120	0.2
19_07_2021	22	22	454	0.0	19.9	68	3.5	98160	0.2
19_07_2021	23	23	455	0.0	18.6	72	3.1	98170	0.2
20_07_2021	0	0	456	0.0	17.5	74	2.6	98170	0.2
20_07_2021	1	1	457	0.0	15.9	82	2.5	98160	0.2
20_07_2021	2	2	458	0.0	15.5	82	2.8	98150	0.2
20_07_2021	3	3	459	0.0	14.7	86	2.8	98140	0.2
20_07_2021	4	4	460	19.4	14.2	86	2.7	98160	0.2
20_07_2021	5	5	461	108.3	14.6	83	2.2	98190	0.2
20_07_2021	6	6	462	252.8	15.5	78	2.1	98220	0.2
20_07_2021	7	7	463	413.9	16.9	73	2	98250	0.2
20_07_2021	8	8	464	563.9	18.6	68	1.6	98250	0.2
20_07_2021	9	9	465	688.9	19.8	65	2.1	98260	0.2
20_07_2021	10	10	466	716.7	19.8	60	2.3	98250	0.2
20_07_2021	11	11	467	852.8	21.5	54	2.4	98230	0.2
20_07_2021	12	12	468	691.7	22.7	53	2.5	98210	0.2
20_07_2021	13	13	469	847.2	22.8	46	2.3	98200	0.2
20_07_2021	14	14	470	727.8	23.2	40	2.6	98190	0.2
20_07_2021	15	15	471	605.6	24.1	43	2.4	98160	0.2
20_07_2021	16	16	472	441.7	23.9	41	3.1	98160	0.2
20_07_2021	17	17	473	275.0	23.5	41	3.3	98160	0.2
20_07_2021	18	18	474	127.8	23.1	45	2.4	98180	0.2
20_07_2021	19	19	475	25.0	21.7	50	2.8	98220	0.2
20_07_2021	20	20	476	0.0	20.4	53	3.3	98280	0.2
20_07_2021	21	21	477	0.0	18.5	63	3.2	98340	0.2
20_07_2021	22	22	478	0.0	17.5	63	2.4	98360	0.2
20_07_2021	23	23	479	0.0	17	66	2.2	98380	0.2
21_07_2021	0	0	480	0.0	16.5	69	2.2	98380	0.2
21_07_2021	1	1	481	0.0	16.1	70	1.7	98370	0.2
21_07_2021	2	2	482	0.0	14.6	78	1.7	98350	0.2
21_07_2021	3	3	483	0.0	13.8	80	1.9	98340	0.2
21_07_2021	4	4	484	19.4	13.3	82	2	98380	0.2
21_07_2021	5	5	485	116.7	14	80	1.6	98410	0.2
21_07_2021	6	6	486	263.9	15.3	74	0.9	98450	0.2
21_07_2021	7	7	487	450.0	17.6	68	1.2	98500	0.2
21_07_2021	8	8	488	608.3	18.8	65	1.2	98500	0.2
21_07_2021	9	9	489	733.3	20.6	61	1.7	98490	0.2
21_07_2021	10	10	490	822.2	22.1	55	1.8	98480	0.2
21_07_2021	11	11	491	888.9	23.3	51	1.9	98480	0.2
21_07_2021	12	12	492	850.0	23.6	49	1.8	98450	0.2
21_07_2021	13	13	493	819.4	24.4	50	2.3	98430	0.2
21_07_2021	14	14	494	722.2	24.1	47	2.6	98420	0.2
21_07_2021	15	15	495	613.9	24.6	41	2.4	98390	0.2
21_07_2021	16	16	496	455.6	24.5	38	2.5	98390	0.2
21_07_2021	17	17	497	280.6	24.5	39	2.5	98370	0.2
21_07_2021	18	18	498	125.0	24	41	2.2	98380	0.2
21_07_2021	19	19	499	16.7	22.6	47	1.8	98400	0.2
21_07_2021	20	20	500	0.0	21.3	50	1.9	98430	0.2
21_07_2021	21	21	501	0.0	20.6	52	1.2	98440	0.2
21_07_2021	22	22	502	0.0	19.8	55	1.1	98440	0.2
21_07_2021	23	23	503	0.0	18.6	60	1.6	98460	0.2
22_07_2021	0	0	504	0.0	17.8	65	1.5	98430	0.2
22_07_2021	1	1	505	0.0	16.3	75	1.4	98420	0.2
22_07_2021	2	2	506	0.0	16	76	1.5	98390	0.2
22_07_2021	3	3	507	0.0	15.5	78	1.7	98380	0.2
22_07_2021	4	4	508	16.7	15	80	2	98400	0.2
22_07_2021	5	5	509	108.3	15.2	79	1.4	98420	0.2
22_07_2021	6	6	510	250.0	16.9	72	0.7	98440	0.2
22_07_2021	7	7	511	386.1	18.4	67	0.6	98440	0.2
22_07_2021	8	8	512	580.6	19.8	60	1	98430	0.2
22_07_2021	9	9	513	713.9	21.9	58	1.3	98410	0.2
22_07_2021	10	10	514	800.0	23.3	50	1.8	98400	0.2
22_07_2021	11	11	515	847.2	24.7	46	1.8	98350	0.2
22_07_2021	12	12	516	850.0	25.2	46	1.8	98310	0.2
22_07_2021	13	13	517	777.8	25.2	45	1.7	98250	0.2
22_07_2021	14	14	518	708.3	26.1	42	2.5	98210	0.2
22_07_2021	15	15	519	580.6	25.9	42	2.8	98160	0.2
22_07_2021	16	16	520	375.0	25.8	44	3.1	98140	0.2
22_07_2021	17	17	521	241.7	25.3	45	3.2	98110	0.2
22_07_2021	18	18	522	105.6	24.5	48	3.2	98100	0.2
22_07_2021	19	19	523	19.4	23.3	53	3.2	98100	0.2
22_07_2021	20	20	524	0.0	22	56	3.4	98120	0.2
22_07_2021	21	21	525	0.0	20.9	59	3.3	98140	0.2
22_07_2021	22	22	526	0.0	20	62	3.4	98130	0.2
22_07_2021	23	23	527	0.0	18.7	68	3	98140	0.2
23_07_2021	0	0	528	0.0	18	70	2.1	98120	0.2
23_07_2021	1	1	529	0.0	17.2	73	2.5	98110	0.2
23_07_2021	2	2	530	0.0	16.8	74	2.4	98090	0.2
23_07_2021	3	3	531	0.0	16.4	76	2.3	98060	0.2
23_07_2021	4	4	532	11.1	15.9	78	1.9	98040	0.2
23_07_2021	5	5	533	111.1	16.3	79	1	98060	0.2
23_07_2021	6	6	534	255.6	17.4	71	0.9	98060	0.2
23_07_2021	7	7	535	419.4	18.6	65	1	98060	0.2
23_07_2021	8	8	536	580.6	20.7	66	0.8	98050	0.2
23_07_2021	9	9	537	711.1	22.1	59	1.4	98010	0.2
23_07_2021	10	10	538	800.0	23.8	54	1.6	97990	0.2
23_07_2021	11	11	539	850.0	24.5	49	1.6	97920	0.2
23_07_2021	12	12	540	852.8	25.2	45	1.4	97850	0.2
23_07_2021	13	13	541	780.6	26.7	46	1.7	97790	0.2
23_07_2021	14	14	542	713.9	27.3	40	1.3	97720	0.2
23_07_2021	15	15	543	594.4	27.4	40	1.7	97690	0.2
23_07_2021	16	16	544	425.0	27.3	39	1.6	97640	0.2
23_07_2021	17	17	545	261.1	27.1	40	2.1	97600	0.2
23_07_2021	18	18	546	116.7	26.2	43	2.4	97560	0.2
23_07_2021	19	19	547	13.9	24.5	51	2.4	97530	0.2
23_07_2021	20	20	548	0.0	23	59	1.8	97550	0.2
23_07_2021	21	21	549	0.0	22.4	60	0.7	97550	0.2
23_07_2021	22	22	550	0.0	21.8	63	0.9	97520	0.2
23_07_2021	23	23	551	0.0	19.6	72	0.8	97500	0.2
24_07_2021	0	0	552	0.0	19	76	0.8	97440	0.2
24_07_2021	1	1	553	0.0	18.1	79	0.6	97390	0.2
24_07_2021	2	2	554	0.0	17.2	83	1	97360	0.2
24_07_2021	3	3	555	0.0	18	78	1.3	97360	0.2
24_07_2021	4	4	556	19.4	17.3	85	1.4	97340	0.2
24_07_2021	5	5	557	36.1	17.6	83	1.1	97400	0.2
24_07_2021	6	6	558	108.3	18.7	81	0.9	97440	0.2
24_07_2021	7	7	559	155.6	20	75	1.3	97520	0.2
24_07_2021	8	8	560	116.7	20.7	71	2	97540	0.2
24_07_2021	9	9	561	452.8	21.2	73	3.3	97410	0.2
24_07_2021	10	10	562	658.3	24	57	3	97440	0.2
24_07_2021	11	11	563	700.0	26	53	4.6	97390	0.2
24_07_2021	12	12	564	497.2	25.8	47	4.3	97370	0.2
24_07_2021	13	13	565	394.4	27	48	4.6	97340	0.2
24_07_2021	14	14	566	552.8	26.9	48	3.7	97330	0.2
24_07_2021	15	15	567	402.8	27.4	46	2.3	97270	0.2
24_07_2021	16	16	568	213.9	26.2	53	3	97260	0.2
24_07_2021	17	17	569	66.7	25.6	54	2.7	97240	0.2
24_07_2021	18	18	570	25.0	24.8	58	1.6	97220	0.2
24_07_2021	19	19	571	0.0	22	74	2.3	97330	0.2
24_07_2021	20	20	572	0.0	17.6	95	3.4	97410	0.2
24_07_2021	21	21	573	0.0	17.4	97	1.6	97420	0.2
24_07_2021	22	22	574	0.0	17.8	95	1.5	97430	0.2
24_07_2021	23	23	575	0.0	18	95	3	97380	0.2
25_07_2021	0	0	576	0.0	17.9	96	2.5	97340	0.2
25_07_2021	1	1	577	0.0	18.3	95	2.7	97370	0.2
25_07_2021	2	2	578	0.0	18.2	94	2.4	97320	0.2
25_07_2021	3	3	579	0.0	17.9	96	1.3	97350	0.2
25_07_2021	4	4	580	8.3	17.8	96	1.1	97360	0.2
25_07_2021	5	5	581	27.8	17.9	96	1.2	97390	0.2
25_07_2021	6	6	582	63.9	18.1	93	0.8	97410	0.2
25_07_2021	7	7	583	363.9	19	92	1.2	97410	0.2
25_07_2021	8	8	584	294.4	20.4	83	1.3	97390	0.2
25_07_2021	9	9	585	158.3	20.6	82	1	97410	0.2
25_07_2021	10	10	586	155.6	20.8	79	0.8	97420	0.2
25_07_2021	11	11	587	138.9	19.4	89	1.7	97430	0.2
25_07_2021	12	12	588	216.7	19.9	85	2.3	97440	0.2
25_07_2021	13	13	589	325.0	19.8	79	2	97430	0.2
25_07_2021	14	14	590	375.0	20.6	75	1.8	97400	0.2
25_07_2021	15	15	591	433.3	21.8	76	1.4	97370	0.2
25_07_2021	16	16	592	447.2	22.7	61	2.6	97360	0.2
25_07_2021	17	17	593	169.4	22.2	64	3	97350	0.2
25_07_2021	18	18	594	83.3	22.2	67	1.9	97360	0.2
25_07_2021	19	19	595	8.3	20.6	75	1.4	97360	0.2
25_07_2021	20	20	596	0.0	20.3	73	1	97470	0.2
25_07_2021	21	21	597	0.0	19.9	78	2.6	97490	0.2
25_07_2021	22	22	598	0.0	19.9	75	2.9	97500	0.2
25_07_2021	23	23	599	0.0	18.4	82	2.6	97490	0.2
26_07_2021	0	0	600	0.0	17.9	84	1.9	97480	0.2
26_07_2021	1	1	601	0.0	17.2	88	2.8	97500	0.2
26_07_2021	2	2	602	0.0	16.6	90	3	97500	0.2
26_07_2021	3	3	603	0.0	16.9	89	2	97520	0.2
26_07_2021	4	4	604	8.3	16.8	88	2.6	97560	0.2
26_07_2021	5	5	605	50.0	16.6	87	2.8	97550	0.2
26_07_2021	6	6	606	188.9	17.4	84	1.8	97580	0.2
26_07_2021	7	7	607	352.8	20	73	1	97590	0.2
26_07_2021	8	8	608	572.2	22.2	66	1.3	97630	0.2
26_07_2021	9	9	609	616.7	22.5	64	2.1	97630	0.2
26_07_2021	10	10	610	700.0	23.6	58	1.6	97620	0.2
26_07_2021	11	11	611	386.1	23.9	55	2.1	97580	0.2
26_07_2021	12	12	612	186.1	24.2	56	1.6	97550	0.2
26_07_2021	13	13	613	191.7	21.9	63	3.4	97580	0.2
26_07_2021	14	14	614	225.0	22.4	65	2.3	97630	0.2
26_07_2021	15	15	615	22.2	17.6	85	4	97690	0.2
26_07_2021	16	16	616	155.6	17.8	89	1.7	97650	0.2
26_07_2021	17	17	617	136.1	18.4	88	1.3	97580	0.2
26_07_2021	18	18	618	30.6	18.1	90	2.3	97690	0.2
26_07_2021	19	19	619	22.2	17.9	92	3.2	97690	0.2
26_07_2021	20	20	620	0.0	17.7	91	3.5	97760	0.2
26_07_2021	21	21	621	0.0	16.1	86	3.8	97790	0.2
26_07_2021	22	22	622	0.0	15.9	90	3.9	97810	0.2
26_07_2021	23	23	623	0.0	16	89	1.9	97830	0.2
27_07_2021	0	0	624	0.0	15.5	92	1.7	97840	0.2
27_07_2021	1	1	625	0.0	15.5	93	2.1	97830	0.2
27_07_2021	2	2	626	0.0	15.1	94	1.7	97820	0.2
27_07_2021	3	3	627	0.0	15.7	90	2.2	97830	0.2
27_07_2021	4	4	628	13.9	15.7	91	2	97840	0.2
27_07_2021	5	5	629	108.3	15.7	90	2.1	97830	0.2
27_07_2021	6	6	630	280.6	16.6	84	2.5	97810	0.2
27_07_2021	7	7	631	372.2	18	80	2.2	97810	0.2
27_07_2021	8	8	632	522.2	20.5	77	2.1	97840	0.2
27_07_2021	9	9	633	597.2	21.6	60	1.6	97850	0.2
27_07_2021	10	10	634	805.6	22.7	62	1.5	97830	0.2
27_07_2021	11	11	635	855.6	23.9	57	1.9	97820	0.2
27_07_2021	12	12	636	463.9	23.5	57	2.4	97770	0.2
27_07_2021	13	13	637	497.2	24.3	48	1.3	97700	0.2
27_07_2021	14	14	638	408.3	24.5	50	2.2	97650	0.2
27_07_2021	15	15	639	388.9	24.6	52	2.4	97610	0.2
27_07_2021	16	16	640	177.8	24.4	54	2.2	97560	0.2
27_07_2021	17	17	641	88.9	24.6	54	2.2	97520	0.2
27_07_2021	18	18	642	47.2	24.3	57	1.9	97500	0.2
27_07_2021	19	19	643	2.8	23.7	60	1.3	97520	0.2
27_07_2021	20	20	644	0.0	21.8	69	2.5	97570	0.2
27_07_2021	21	21	645	0.0	21.3	71	3	97630	0.2
27_07_2021	22	22	646	0.0	20.5	75	3	97720	0.2
27_07_2021	23	23	647	0.0	17.9	89	3.9	97730	0.2
28_07_2021	0	0	648	0.0	17.6	94	3.5	97760	0.2
28_07_2021	1	1	649	0.0	17.5	94	1.7	97740	0.2
28_07_2021	2	2	650	0.0	17.4	88	1.9	97740	0.2
28_07_2021	3	3	651	0.0	17.2	92	1.6	97710	0.2
28_07_2021	4	4	652	11.1	16.4	95	1.5	97730	0.2
28_07_2021	5	5	653	50.0	16.8	93	0.7	97730	0.2
28_07_2021	6	6	654	80.6	17.4	94	0.7	97740	0.2
28_07_2021	7	7	655	77.8	17.5	84	1	97780	0.2
28_07_2021	8	8	656	125.0	17.8	83	1.4	97810	0.2
28_07_2021	9	9	657	275.0	17.8	82	1.9	97800	0.2
28_07_2021	10	10	658	513.9	19.1	73	3.1	97800	0.2
28_07_2021	11	11	659	508.3	19.6	72	3.4	97810	0.2
28_07_2021	12	12	660	636.1	21.1	67	2.9	97780	0.2
28_07_2021	13	13	661	533.3	21.2	62	3.3	97760	0.2
28_07_2021	14	14	662	530.6	23.8	55	3.1	97720	0.2
28_07_2021	15	15	663	297.2	22.8	54	3.3	97710	0.2
28_07_2021	16	16	664	327.8	21.9	63	4.4	97710	0.2
28_07_2021	17	17	665	116.7	22.3	60	2.5	97700	0.2
28_07_2021	18	18	666	27.8	18.5	76	4.2	97770	0.2
28_07_2021	19	19	667	8.3	19	73	2.2	97770	0.2
28_07_2021	20	20	668	0.0	17.4	84	0.9	97860	0.2
28_07_2021	21	21	669	0.0	18.8	69	1.4	97880	0.2
28_07_2021	22	22	670	0.0	18	76	2.2	97880	0.2
28_07_2021	23	23	671	0.0	17.6	76	2.9	97860	0.2
29_07_2021	0	0	672	0.0	17	77	2.6	97830	0.2
29_07_2021	1	1	673	0.0	17.3	71	2.3	97830	0.2
29_07_2021	2	2	674	0.0	15.8	79	2.2	97800	0.2
29_07_2021	3	3	675	0.0	15.6	82	2.8	97820	0.2
29_07_2021	4	4	676	11.1	15.7	82	2.5	97830	0.2
29_07_2021	5	5	677	86.1	15.8	80	2.6	97850	0.2
29_07_2021	6	6	678	200.0	18.6	70	2.3	97850	0.2
29_07_2021	7	7	679	377.8	19.2	68	2.7	97870	0.2
29_07_2021	8	8	680	341.7	20.4	60	3.3	97880	0.2
29_07_2021	9	9	681	405.6	20.4	60	3.2	97870	0.2
29_07_2021	10	10	682	625.0	20.9	54	4.1	97880	0.2
29_07_2021	11	11	683	761.1	22	48	4.1	97840	0.2
29_07_2021	12	12	684	613.9	22.8	49	4.4	97800	0.2
29_07_2021	13	13	685	750.0	23.6	50	4	97780	0.2
29_07_2021	14	14	686	600.0	23.8	46	3.2	97720	0.2
29_07_2021	15	15	687	491.7	24	47	4.3	97690	0.2
29_07_2021	16	16	688	438.9	23.6	48	3.8	97680	0.2
29_07_2021	17	17	689	261.1	23.3	49	4.4	97650	0.2
29_07_2021	18	18	690	113.9	22.1	52	3.8	97650	0.2
29_07_2021	19	19	691	11.1	20.7	57	3	97650	0.2
29_07_2021	20	20	692	0.0	19	64	2.4	97700	0.2
29_07_2021	21	21	693	0.0	18.1	68	2.3	97710	0.2
29_07_2021	22	22	694	0.0	17.6	70	1.9	97700	0.2
29_07_2021	23	23	695	0.0	16.8	75	1.1	97690	0.2
30_07_2021	0	0	696	0.0	15.8	79	1.1	97680	0.2
30_07_2021	1	1	697	0.0	14.4	88	1.4	97670	0.2
30_07_2021	2	2	698	0.0	14.4	88	2.1	97660	0.2
30_07_2021	3	3	699	0.0	13.7	92	3.3	97640	0.2
30_07_2021	4	4	700	13.9	12.8	94	1.7	97600	0.2
30_07_2021	5	5	701	102.8	14.2	88	2.8	97600	0.2
30_07_2021	6	6	702	261.1	15.7	79	3.3	97600	0.2
30_07_2021	7	7	703	430.6	18	71	2.5	97570	0.2
30_07_2021	8	8	704	586.1	20	66	2.6	97540	0.2
30_07_2021	9	9	705	708.3	22.1	60	1.7	97520	0.2
30_07_2021	10	10	706	713.9	24.1	52	2.6	97490	0.2
30_07_2021	11	11	707	538.9	24.3	50	2.4	97430	0.2
30_07_2021	12	12	708	800.0	25.9	50	2.5	97380	0.2
30_07_2021	13	13	709	780.6	26.3	48	2.3	97320	0.2
30_07_2021	14	14	710	727.8	25.7	49	3.1	97220	0.2
30_07_2021	15	15	711	586.1	26.9	50	2.2	97200	0.2
30_07_2021	16	16	712	252.8	25.9	53	3.4	97190	0.2
30_07_2021	17	17	713	41.7	24.8	55	3.5	97220	0.2
30_07_2021	18	18	714	61.1	21.5	74	3	97240	0.2
30_07_2021	19	19	715	11.1	20.5	75	2.6	97270	0.2
30_07_2021	20	20	716	0.0	19.8	78	2.1	97320	0.2
30_07_2021	21	21	717	0.0	20.2	79	2.4	97340	0.2
30_07_2021	22	22	718	0.0	20.3	77	2.6	97380	0.2
30_07_2021	23	23	719	0.0	19	82	2.6	97440	0.2
31_07_2021	0	0	720	0.0	18.6	77	2.2	97480	0.2
31_07_2021	1	1	721	0.0	18.3	72	4.2	97500	0.2
31_07_2021	2	2	722	0.0	18.3	65	2.8	97500	0.2
31_07_2021	3	3	723	0.0	16.9	69	2.2	97500	0.2
31_07_2021	4	4	724	11.1	16.2	68	2	97500	0.2
31_07_2021	5	5	725	100.0	16.3	67	1.1	97530	0.2
31_07_2021	6	6	726	261.1	17.6	63	1.1	97550	0.2
31_07_2021	7	7	727	433.3	18.6	59	1.2	97560	0.2
31_07_2021	8	8	728	513.9	19.2	57	2.8	97550	0.2
31_07_2021	9	9	729	413.9	19.6	57	3.1	97540	0.2
31_07_2021	10	10	730	780.6	20.8	50	2.8	97510	0.2
31_07_2021	11	11	731	836.1	21.7	45	3.3	97490	0.2
31_07_2021	12	12	732	647.2	22.1	45	4.5	97490	0.2
31_07_2021	13	13	733	727.8	23	46	4.2	97470	0.2
31_07_2021	14	14	734	375.0	22.2	47	3.8	97450	0.2
31_07_2021	15	15	735	380.6	22.3	46	3.6	97410	0.2
31_07_2021	16	16	736	463.9	22.6	44	4.1	97380	0.2
31_07_2021	17	17	737	194.4	22	47	4.6	97390	0.2
31_07_2021	18	18	738	41.7	20.9	52	3.9	97420	0.2
31_07_2021	19	19	739	5.6	20.1	56	3.2	97380	0.2
31_07_2021	20	20	740	0.0	19.1	61	2	97410	0.2
31_07_2021	21	21	741	0.0	17.8	65	1.5	97380	0.2
31_07_2021	22	22	742	0.0	17.5	68	1	97370	0.2
31_07_2021	23	23	743	0.0	17.6	69	1.7	97360	0.2
01_08_2021	0	0	744	0.0	16.7	75	2.5	97340	0.2
01_08_2021	1	1	745	0.0	15.7	83	3	97320	0.2
01_08_2021	2	2	746	0.0	15.2	91	1.6	97320	0.2
01_08_2021	3	3	747	0.0	14.8	96	1.7	97300	0.2
01_08_2021	4	4	748	2.8	14.5	94	1.4	97330	0.2
01_08_2021	5	5	749	16.7	14.6	97	2.3	97350	0.2
01_08_2021	6	6	750	72.2	14.8	96	1.7	97320	0.2
01_08_2021	7	7	751	116.7	15.4	90	0.9	97380	0.2
01_08_2021	8	8	752	113.9	15.7	89	0.8	97410	0.2
01_08_2021	9	9	753	244.4	15.8	86	1.5	97420	0.2
01_08_2021	10	10	754	188.9	16.1	86	2.3	97460	0.2
01_08_2021	11	11	755	294.4	17.3	78	1.8	97430	0.2
01_08_2021	12	12	756	430.6	18.6	74	1.9	97410	0.2
01_08_2021	13	13	757	388.9	19.2	70	1.4	97380	0.2
01_08_2021	14	14	758	305.6	19.6	62	1.6	97390	0.2
01_08_2021	15	15	759	255.6	19.1	55	3.6	97370	0.2
01_08_2021	16	16	760	252.8	18.7	55	3.7	97460	0.2
01_08_2021	17	17	761	286.1	17.7	68	3.2	97450	0.2
01_08_2021	18	18	762	150.0	17.9	66	3.3	97490	0.2
01_08_2021	19	19	763	11.1	17.1	71	2.9	97520	0.2
01_08_2021	20	20	764	0.0	16	79	2.1	97590	0.2
01_08_2021	21	21	765	0.0	15.9	74	2.4	97600	0.2
01_08_2021	22	22	766	0.0	15.5	77	2.9	97680	0.2
01_08_2021	23	23	767	0.0	15.2	77	2.3	97700	0.2
02_08_2021	0	0	768	0.0	14.9	78	1.6	97680	0.2
02_08_2021	1	1	769	0.0	14.9	79	1.9	97720	0.2
02_08_2021	2	2	770	0.0	14.7	80	1.7	97700	0.2
02_08_2021	3	3	771	0.0	14.2	85	2.3	97730	0.2
02_08_2021	4	4	772	5.6	14.2	85	2.2	97760	0.2
02_08_2021	5	5	773	33.3	14.4	85	1.5	97810	0.2
02_08_2021	6	6	774	58.3	14.7	82	2	97820	0.2
02_08_2021	7	7	775	169.4	15.6	78	1.5	97850	0.2
02_08_2021	8	8	776	488.9	17.2	67	1.3	97860	0.2
02_08_2021	9	9	777	483.3	18.4	65	1.2	97860	0.2
02_08_2021	10	10	778	386.1	19.4	58	1.8	97830	0.2
02_08_2021	11	11	779	355.6	18.2	73	3.1	97820	0.2
02_08_2021	12	12	780	327.8	18.2	67	2.2	97840	0.2
02_08_2021	13	13	781	377.8	18.5	67	2.1	97820	0.2
02_08_2021	14	14	782	347.2	18.1	65	2.3	97800	0.2
02_08_2021	15	15	783	225.0	19.9	59	1.6	97770	0.2
02_08_2021	16	16	784	319.4	19.6	63	1.2	97780	0.2
02_08_2021	17	17	785	161.1	19.4	60	4.1	97800	0.2
02_08_2021	18	18	786	91.7	17.8	67	4.2	97840	0.2
02_08_2021	19	19	787	8.3	16.9	72	2.2	97870	0.2
02_08_2021	20	20	788	0.0	16.5	76	2.2	97920	0.2
02_08_2021	21	21	789	0.0	15.6	82	2.6	97920	0.2
02_08_2021	22	22	790	0.0	14.5	86	3.2	97940	0.2
02_08_2021	23	23	791	0.0	14.1	86	3	97940	0.2
03_08_2021	0	0	792	0.0	13.6	88	2.6	97920	0.2
03_08_2021	1	1	793	0.0	13.5	90	2.6	97870	0.2
03_08_2021	2	2	794	0.0	13.4	89	2.8	97870	0.2
03_08_2021	3	3	795	0.0	13.3	89	2.9	97830	0.2
03_08_2021	4	4	796	11.1	12.9	88	2.5	97800	0.2
03_08_2021	5	5	797	50.0	13.1	87	3.2	97800	0.2
03_08_2021	6	6	798	113.9	13.4	87	2.6	97770	0.2
03_08_2021	7	7	799	283.3	15.2	78	1.8	97780	0.2
03_08_2021	8	8	800	302.8	16.4	73	2.3	97790	0.2
03_08_2021	9	9	801	316.7	18.1	71	1.4	97800	0.2
03_08_2021	10	10	802	161.1	13.9	86	4.3	97850	0.2
03_08_2021	11	11	803	519.4	15.3	82	3.6	97820	0.2
03_08_2021	12	12	804	500.0	17	79	2.7	97750	0.2
03_08_2021	13	13	805	522.2	18.6	65	3	97660	0.2
03_08_2021	14	14	806	244.4	19.1	65	3.6	97640	0.2
03_08_2021	15	15	807	511.1	19.3	62	3.5	97610	0.2
03_08_2021	16	16	808	227.8	20	61	3.9	97580	0.2
03_08_2021	17	17	809	94.4	18.4	55	4	97630	0.2
03_08_2021	18	18	810	38.9	17.4	63	3.5	97670	0.2
03_08_2021	19	19	811	5.6	16.7	68	2.8	97690	0.2
03_08_2021	20	20	812	0.0	16.8	70	2.3	97750	0.2
03_08_2021	21	21	813	0.0	15.4	81	2.9	97780	0.2
03_08_2021	22	22	814	0.0	14.8	88	1.9	97780	0.2
03_08_2021	23	23	815	0.0	15	88	1.1	97780	0.2
04_08_2021	0	0	816	0.0	15	84	2	97770	0.2
04_08_2021	1	1	817	0.0	14.5	87	2.2	97770	0.2
04_08_2021	2	2	818	0.0	14.6	83	2.1	97760	0.2
04_08_2021	3	3	819	0.0	14.5	80	1.6	97740	0.2
04_08_2021	4	4	820	2.8	14.4	77	1.3	97750	0.2
04_08_2021	5	5	821	63.9	14.3	79	1.6	97750	0.2
04_08_2021	6	6	822	233.3	15.8	72	1.6	97780	0.2
04_08_2021	7	7	823	269.4	16.4	72	1.4	97790	0.2
04_08_2021	8	8	824	327.8	17.1	63	1	97790	0.2
04_08_2021	9	9	825	347.2	17.1	65	1.4	97780	0.2
04_08_2021	10	10	826	347.2	17.6	60	1.3	97730	0.2
04_08_2021	11	11	827	452.8	17.6	63	1.1	97690	0.2
04_08_2021	12	12	828	538.9	18.6	59	1.5	97670	0.2
04_08_2021	13	13	829	311.1	19.9	52	1.2	97640	0.2
04_08_2021	14	14	830	133.3	19.5	58	0.9	97600	0.2
04_08_2021	15	15	831	75.0	19	59	0.8	97580	0.2
04_08_2021	16	16	832	130.6	19.4	60	0.4	97560	0.2
04_08_2021	17	17	833	80.6	19.4	62	0.5	97520	0.2
04_08_2021	18	18	834	13.9	18.2	70	1.7	97520	0.2
04_08_2021	19	19	835	0.0	17.6	75	1.9	97530	0.2
04_08_2021	20	20	836	0.0	16.9	80	2	97550	0.2
04_08_2021	21	21	837	0.0	16.2	82	2	97540	0.2
04_08_2021	22	22	838	0.0	16.3	79	1.5	97580	0.2
04_08_2021	23	23	839	0.0	16	81	1.9	97580	0.2
05_08_2021	0	0	840	0.0	15.8	81	2.2	97580	0.2
05_08_2021	1	1	841	0.0	15.8	81	1.3	97550	0.2
05_08_2021	2	2	842	0.0	15.6	81	1.1	97520	0.2
05_08_2021	3	3	843	0.0	15	86	1.1	97490	0.2
05_08_2021	4	4	844	5.6	14.5	89	1.6	97480	0.2
05_08_2021	5	5	845	52.8	14.7	90	2.2	97500	0.2
05_08_2021	6	6	846	205.6	15.3	88	2	97480	0.2
05_08_2021	7	7	847	336.1	17.8	74	1.5	97470	0.2
05_08_2021	8	8	848	244.4	18.1	69	1.3	97450	0.2
05_08_2021	9	9	849	463.9	18.4	66	0.9	97440	0.2
05_08_2021	10	10	850	427.8	19.3	64	1.5	97420	0.2
05_08_2021	11	11	851	416.7	20.5	58	1.2	97360	0.2
05_08_2021	12	12	852	558.3	21.7	61	1.5	97310	0.2
05_08_2021	13	13	853	302.8	20.7	60	1.9	97250	0.2
05_08_2021	14	14	854	533.3	21.6	59	2.8	97220	0.2
05_08_2021	15	15	855	336.1	21.9	55	2.1	97210	0.2
05_08_2021	16	16	856	136.1	21.5	57	2.2	97180	0.2
05_08_2021	17	17	857	44.4	16.6	91	4.2	97200	0.2
05_08_2021	18	18	858	41.7	17.2	91	3.4	97190	0.2
05_08_2021	19	19	859	2.8	17.2	91	3	97200	0.2
05_08_2021	20	20	860	0.0	17.8	81	2.7	97210	0.2
05_08_2021	21	21	861	0.0	17.5	82	1.6	97210	0.2
05_08_2021	22	22	862	0.0	16.6	84	2.1	97190	0.2
05_08_2021	23	23	863	0.0	16.5	82	2.3	97180	0.2
06_08_2021	0	0	864	0.0	16.2	81	2.8	97160	0.2
06_08_2021	1	1	865	0.0	16	80	3.2	97120	0.2
06_08_2021	2	2	866	0.0	16.6	76	3	97100	0.2
06_08_2021	3	3	867	0.0	16.4	75	3.6	97070	0.2
06_08_2021	4	4	868	2.8	16.2	76	2.5	97050	0.2
06_08_2021	5	5	869	8.3	15.5	82	2.4	97060	0.2
06_08_2021	6	6	870	66.7	15	92	2	97070	0.2
06_08_2021	7	7	871	213.9	15.9	88	2.6	97090	0.2
06_08_2021	8	8	872	130.6	17.3	83	2	97140	0.2
06_08_2021	9	9	873	455.6	17.9	81	2.6	97180	0.2
06_08_2021	10	10	874	736.1	19.8	69	3.1	97190	0.2
06_08_2021	11	11	875	327.8	19.7	63	4.5	97210	0.2
06_08_2021	12	12	876	722.2	20.3	61	3.6	97200	0.2
06_08_2021	13	13	877	736.1	21.9	51	4.1	97160	0.2
06_08_2021	14	14	878	402.8	21.7	49	5	97140	0.2
06_08_2021	15	15	879	288.9	21.5	50	4.9	97160	0.2
06_08_2021	16	16	880	308.3	21.4	52	3.6	97190	0.2
06_08_2021	17	17	881	177.8	21.6	52	3.1	97170	0.2
06_08_2021	18	18	882	55.6	20.5	54	3.7	97180	0.2
06_08_2021	19	19	883	2.8	19.3	57	2.2	97190	0.2
06_08_2021	20	20	884	0.0	18.7	62	1.7	97230	0.2
06_08_2021	21	21	885	0.0	17.8	64	2.3	97250	0.2
06_08_2021	22	22	886	0.0	16.9	72	1.6	97250	0.2
06_08_2021	23	23	887	0.0	16.4	77	2.2	97230	0.2
07_08_2021	0	0	888	0.0	15.5	84	2.2	97220	0.2
07_08_2021	1	1	889	0.0	15.4	85	2.1	97190	0.2
07_08_2021	2	2	890	0.0	15.4	84	3.5	97140	0.2
07_08_2021	3	3	891	0.0	15.3	85	2.3	97110	0.2
07_08_2021	4	4	892	5.6	14.7	87	2.1	97080	0.2
07_08_2021	5	5	893	44.4	14.6	88	2.7	97020	0.2
07_08_2021	6	6	894	169.4	16.1	83	1.3	97040	0.2
07_08_2021	7	7	895	375.0	17.9	70	2.3	97020	0.2
07_08_2021	8	8	896	288.9	18.9	69	2.7	97040	0.2
07_08_2021	9	9	897	250.0	20.1	64	1.3	96970	0.2
07_08_2021	10	10	898	152.8	20.5	61	0.9	96970	0.2
07_08_2021	11	11	899	83.3	17.6	82	1.9	96980	0.2
07_08_2021	12	12	900	111.1	17.2	87	2.9	97030	0.2
07_08_2021	13	13	901	86.1	17.2	84	2.9	97030	0.2
07_08_2021	14	14	902	50.0	15.8	90	2.6	97050	0.2
07_08_2021	15	15	903	47.2	15.6	91	3.9	97000	0.2
07_08_2021	16	16	904	100.0	15.9	87	2.4	96990	0.2
07_08_2021	17	17	905	58.3	16.2	85	3.2	96990	0.2
07_08_2021	18	18	906	52.8	16.3	83	3.3	97020	0.2
07_08_2021	19	19	907	8.3	16.4	82	2.5	97090	0.2
07_08_2021	20	20	908	0.0	15.9	84	3.7	97080	0.2
07_08_2021	21	21	909	0.0	15.8	83	4.2	97150	0.2
07_08_2021	22	22	910	0.0	15.6	83	3.1	97220	0.2
07_08_2021	23	23	911	0.0	15.5	83	3.5	97270	0.2
08_08_2021	0	0	912	0.0	15.6	81	3.5	97290	0.2
08_08_2021	1	1	913	0.0	15.4	83	2.8	97330	0.2
08_08_2021	2	2	914	0.0	15	82	2.8	97380	0.2
08_08_2021	3	3	915	0.0	14.9	81	2.7	97400	0.2
08_08_2021	4	4	916	5.6	14.9	81	3.2	97480	0.2
08_08_2021	5	5	917	83.3	14.7	83	3.3	97540	0.2
08_08_2021	6	6	918	241.7	16.1	75	3.2	97560	0.2
08_08_2021	7	7	919	419.4	17.2	71	2.9	97610	0.2
08_08_2021	8	8	920	533.3	18.4	64	3	97630	0.2
08_08_2021	9	9	921	550.0	19.1	58	3	97650	0.2
08_08_2021	10	10	922	472.2	19.7	52	3.4	97660	0.2
08_08_2021	11	11	923	672.2	20.2	51	3.3	97670	0.2
08_08_2021	12	12	924	297.2	20	51	3.6	97700	0.2
08_08_2021	13	13	925	633.3	18.6	51	5.9	97760	0.2
08_08_2021	14	14	926	522.2	19.1	50	5.7	97810	0.2
08_08_2021	15	15	927	338.9	20.2	51	4.3	97800	0.2
08_08_2021	16	16	928	233.3	19.5	52	3.6	97860	0.2
08_08_2021	17	17	929	197.2	20.1	53	3	97900	0.2
08_08_2021	18	18	930	80.6	19.5	48	4.2	97940	0.2
08_08_2021	19	19	931	2.8	18.1	54	2.7	98020	0.2
08_08_2021	20	20	932	0.0	17.4	58	1.8	98070	0.2
08_08_2021	21	21	933	0.0	16.8	62	2	98110	0.2
08_08_2021	22	22	934	0.0	15.5	68	2	98140	0.2
08_08_2021	23	23	935	0.0	15.1	70	2.3	98170	0.2
09_08_2021	0	0	936	0.0	14.7	72	2	98190	0.2
09_08_2021	1	1	937	0.0	13.8	77	2.7	98170	0.2
09_08_2021	2	2	938	0.0	13.1	79	3.2	98180	0.2
09_08_2021	3	3	939	0.0	12.8	79	2.8	98200	0.2
09_08_2021	4	4	940	5.6	12.1	84	2.6	98200	0.2
09_08_2021	5	5	941	63.9	12	84	3.1	98200	0.2
09_08_2021	6	6	942	225.0	13.8	77	3	98220	0.2
09_08_2021	7	7	943	383.3	15.9	69	3.3	98200	0.2
09_08_2021	8	8	944	519.4	17.9	62	3.1	98220	0.2
09_08_2021	9	9	945	702.8	19.5	57	2.5	98220	0.2
09_08_2021	10	10	946	763.9	21.7	47	3	98220	0.2
09_08_2021	11	11	947	797.2	22.1	44	2.4	98210	0.2
09_08_2021	12	12	948	736.1	22.3	45	2.7	98210	0.2
09_08_2021	13	13	949	583.3	22.9	46	1.9	98200	0.2
09_08_2021	14	14	950	572.2	23.8	40	1.8	98180	0.2
09_08_2021	15	15	951	575.0	24.6	40	2.3	98140	0.2
09_08_2021	16	16	952	366.7	23.2	47	3.6	98160	0.2
09_08_2021	17	17	953	111.1	22.5	47	2.7	98150	0.2
09_08_2021	18	18	954	58.3	21.2	55	2.2	98140	0.2
09_08_2021	19	19	955	5.6	20.6	55	1.4	98170	0.2
09_08_2021	20	20	956	0.0	19.9	57	1.2	98220	0.2
09_08_2021	21	21	957	0.0	18.8	62	1.2	98230	0.2
09_08_2021	22	22	958	0.0	17.2	73	1.1	98230	0.2
09_08_2021	23	23	959	0.0	16.6	67	2.3	98220	0.2
10_08_2021	0	0	960	0.0	15.7	71	2.3	98230	0.2
10_08_2021	1	1	961	0.0	15.3	75	3.1	98220	0.2
10_08_2021	2	2	962	0.0	14.4	80	2.7	98190	0.2
10_08_2021	3	3	963	0.0	13.9	83	2.5	98170	0.2
10_08_2021	4	4	964	2.8	13.5	85	3	98180	0.2
10_08_2021	5	5	965	30.6	13.7	85	3.1	98210	0.2
10_08_2021	6	6	966	100.0	14.5	83	2.6	98230	0.2
10_08_2021	7	7	967	286.1	16.3	75	2	98220	0.2
10_08_2021	8	8	968	447.2	17.6	71	2.9	98180	0.2
10_08_2021	9	9	969	436.1	19.6	70	3.4	98170	0.2
10_08_2021	10	10	970	463.9	20.6	63	1.8	98190	0.2
10_08_2021	11	11	971	544.4	21.9	56	1.4	98180	0.2
10_08_2021	12	12	972	611.1	22.7	53	1.9	98170	0.2
10_08_2021	13	13	973	638.9	23.1	53	2.8	98130	0.2
10_08_2021	14	14	974	452.8	23.3	53	2.9	98100	0.2
10_08_2021	15	15	975	469.4	22.6	52	3.4	98100	0.2
10_08_2021	16	16	976	308.3	23	53	2.4	98080	0.2
10_08_2021	17	17	977	202.8	22.7	54	1.8	98060	0.2
10_08_2021	18	18	978	44.4	22.1	56	1.5	98080	0.2
10_08_2021	19	19	979	2.8	20.5	63	1.9	98120	0.2
10_08_2021	20	20	980	0.0	20.1	65	2.2	98150	0.2
10_08_2021	21	21	981	0.0	19.4	70	1.3	98170	0.2
10_08_2021	22	22	982	0.0	19	72	1.7	98200	0.2
10_08_2021	23	23	983	0.0	18.3	76	2.2	98230	0.2
11_08_2021	0	0	984	0.0	17.5	79	2.3	98230	0.2
11_08_2021	1	1	985	0.0	17	82	1.9	98230	0.2
11_08_2021	2	2	986	0.0	16.6	83	2.6	98230	0.2
11_08_2021	3	3	987	0.0	15.7	87	2.9	98220	0.2
11_08_2021	4	4	988	2.8	15.4	88	3.3	98230	0.2
11_08_2021	5	5	989	55.6	15.4	88	2.6	98240	0.2
11_08_2021	6	6	990	211.1	16.9	81	3.1	98260	0.2
11_08_2021	7	7	991	266.7	18.2	76	1.5	98290	0.2
11_08_2021	8	8	992	533.3	21.1	68	1.7	98280	0.2
11_08_2021	9	9	993	661.1	22.9	60	1.8	98270	0.2
11_08_2021	10	10	994	758.3	24.9	56	1.8	98270	0.2
11_08_2021	11	11	995	605.6	25.9	53	1.9	98260	0.2
11_08_2021	12	12	996	611.1	25.3	55	2.6	98250	0.2
11_08_2021	13	13	997	702.8	25.9	52	3.2	98240	0.2
11_08_2021	14	14	998	527.8	25.5	54	2.9	98230	0.2
11_08_2021	15	15	999	472.2	26.2	45	3	98210	0.2
11_08_2021	16	16	1000	272.2	26.4	44	3.7	98200	0.2
11_08_2021	17	17	1001	180.6	25.5	45	3.6	98210	0.2
11_08_2021	18	18	1002	63.9	24.9	48	2.7	98220	0.2
11_08_2021	19	19	1003	2.8	23.2	56	1.9	98270	0.2
11_08_2021	20	20	1004	0.0	22.1	61	1.1	98310	0.2
11_08_2021	21	21	1005	0.0	21.5	64	0.8	98320	0.2
11_08_2021	22	22	1006	0.0	19.2	75	0.7	98330	0.2
11_08_2021	23	23	1007	0.0	18.3	81	0.8	98350	0.2
12_08_2021	0	0	1008	0.0	17.9	83	1.2	98360	0.2
12_08_2021	1	1	1009	0.0	16.7	89	1.8	98350	0.2
12_08_2021	2	2	1010	0.0	16.7	89	2.4	98360	0.2
12_08_2021	3	3	1011	0.0	16.6	88	3.4	98330	0.2
12_08_2021	4	4	1012	2.8	16.2	89	3.5	98310	0.2
12_08_2021	5	5	1013	66.7	15.9	89	3.1	98330	0.2
12_08_2021	6	6	1014	144.4	17.3	83	2.7	98360	0.2
12_08_2021	7	7	1015	355.6	19	76	2.9	98340	0.2
12_08_2021	8	8	1016	544.4	21.7	68	2.1	98360	0.2
12_08_2021	9	9	1017	650.0	23.5	60	2.2	98340	0.2
12_08_2021	10	10	1018	630.6	25	58	1.8	98320	0.2
12_08_2021	11	11	1019	747.2	27	52	1.3	98300	0.2
12_08_2021	12	12	1020	644.4	27.5	44	1.6	98270	0.2
12_08_2021	13	13	1021	761.1	28.5	42	1.4	98260	0.2
12_08_2021	14	14	1022	652.8	28.7	41	1.5	98230	0.2
12_08_2021	15	15	1023	544.4	29.5	41	1.7	98200	0.2
12_08_2021	16	16	1024	366.7	29	40	1.8	98160	0.2
12_08_2021	17	17	1025	208.3	28.6	40	2.3	98130	0.2
12_08_2021	18	18	1026	69.4	27.9	40	2.2	98150	0.2
12_08_2021	19	19	1027	0.0	25.9	46	1.8	98240	0.2
12_08_2021	20	20	1028	0.0	25.2	51	1.9	98250	0.2
12_08_2021	21	21	1029	0.0	23.5	59	1.1	98210	0.2
12_08_2021	22	22	1030	0.0	22	64	2.1	98250	0.2
12_08_2021	23	23	1031	0.0	21.3	68	2.3	98290	0.2
13_08_2021	0	0	1032	0.0	21.2	67	2.6	98330	0.2
13_08_2021	1	1	1033	0.0	19.8	76	2.1	98330	0.2
13_08_2021	2	2	1034	0.0	19.6	79	3.2	98350	0.2
13_08_2021	3	3	1035	0.0	19.3	80	2	98330	0.2
13_08_2021	4	4	1036	0.0	18.9	84	1.7	98360	0.2
13_08_2021	5	5	1037	13.9	18.8	83	1.3	98400	0.2
13_08_2021	6	6	1038	163.9	19.3	83	1.2	98430	0.2
13_08_2021	7	7	1039	266.7	22.7	72	0.6	98450	0.2
13_08_2021	8	8	1040	477.8	23.3	70	1	98480	0.2
13_08_2021	9	9	1041	622.2	24.7	65	1.3	98510	0.2
13_08_2021	10	10	1042	694.4	26.1	59	1.7	98520	0.2
13_08_2021	11	11	1043	758.3	27	55	1.9	98520	0.2
13_08_2021	12	12	1044	744.4	28.2	55	2	98490	0.2
13_08_2021	13	13	1045	555.6	28.8	53	2.6	98480	0.2
13_08_2021	14	14	1046	475.0	28.9	52	3.5	98470	0.2
13_08_2021	15	15	1047	522.2	29.3	50	5.5	98440	0.2
13_08_2021	16	16	1048	363.9	29	50	5.6	98440	0.2
13_08_2021	17	17	1049	205.6	28.3	52	5	98440	0.2
13_08_2021	18	18	1050	63.9	27.1	54	4.7	98440	0.2
13_08_2021	19	19	1051	2.8	25.6	56	4.3	98510	0.2
13_08_2021	20	20	1052	0.0	24.6	57	3	98550	0.2
13_08_2021	21	21	1053	0.0	23.6	58	2.6	98560	0.2
13_08_2021	22	22	1054	0.0	22.3	64	2.2	98560	0.2
13_08_2021	23	23	1055	0.0	22.2	64	2.5	98570	0.2
14_08_2021	0	0	1056	0.0	20.9	70	1.2	98590	0.2
14_08_2021	1	1	1057	0.0	20.3	73	0.8	98560	0.2
14_08_2021	2	2	1058	0.0	18.6	82	1.1	98550	0.2
14_08_2021	3	3	1059	0.0	18.4	83	1.1	98530	0.2
14_08_2021	4	4	1060	2.8	17.9	85	2.4	98520	0.2
14_08_2021	5	5	1061	61.1	17.2	90	2.1	98520	0.2
14_08_2021	6	6	1062	208.3	19	83	1.9	98540	0.2
14_08_2021	7	7	1063	375.0	21	74	2	98540	0.2
14_08_2021	8	8	1064	530.6	23.1	66	2.3	98530	0.2
14_08_2021	9	9	1065	652.8	25	58	1.7	98500	0.2
14_08_2021	10	10	1066	747.2	26.2	52	1.7	98470	0.2
14_08_2021	11	11	1067	800.0	27.2	51	1.7	98400	0.2
14_08_2021	12	12	1068	672.2	29	51	1.7	98350	0.2
14_08_2021	13	13	1069	755.6	28.8	48	1.8	98300	0.2
14_08_2021	14	14	1070	677.8	29.6	46	1.8	98260	0.2
14_08_2021	15	15	1071	530.6	29.4	47	2	98220	0.2
14_08_2021	16	16	1072	347.2	28.8	47	2.2	98190	0.2
14_08_2021	17	17	1073	194.4	28.9	50	1.7	98160	0.2
14_08_2021	18	18	1074	55.6	28	51	1.4	98140	0.2
14_08_2021	19	19	1075	2.8	26.6	56	1.5	98150	0.2
14_08_2021	20	20	1076	0.0	25.4	60	0.9	98160	0.2
14_08_2021	21	21	1077	0.0	24.3	65	1.7	98140	0.2
14_08_2021	22	22	1078	0.0	23.7	66	1.8	98150	0.2
14_08_2021	23	23	1079	0.0	22.7	72	1.4	98140	0.2
15_08_2021	0	0	1080	0.0	21.6	75	0.9	98110	0.2
15_08_2021	1	1	1081	0.0	20.5	84	1.3	98070	0.2
15_08_2021	2	2	1082	0.0	19.7	88	2.2	98020	0.2
15_08_2021	3	3	1083	0.0	19	92	1.4	98020	0.2
15_08_2021	4	4	1084	2.8	18.6	92	1.7	97990	0.2
15_08_2021	5	5	1085	55.6	18.4	94	2.1	97970	0.2
15_08_2021	6	6	1086	191.7	19.6	85	2.1	98010	0.2
15_08_2021	7	7	1087	355.6	21.7	79	0.9	97960	0.2
15_08_2021	8	8	1088	508.3	22.8	71	1	97950	0.2
15_08_2021	9	9	1089	641.7	24.9	64	1.2	97920	0.2
15_08_2021	10	10	1090	716.7	26.4	60	1.6	97860	0.2
15_08_2021	11	11	1091	291.7	27.5	56	1.9	97810	0.2
15_08_2021	12	12	1092	138.9	26.7	60	1	97750	0.2
15_08_2021	13	13	1093	508.3	28.2	54	1.3	97700	0.2
15_08_2021	14	14	1094	91.7	23.5	64	2.4	97640	0.2
15_08_2021	15	15	1095	405.6	22.4	82	3.8	97700	0.2
15_08_2021	16	16	1096	216.7	23.3	80	1.6	97640	0.2
15_08_2021	17	17	1097	33.3	23.3	77	1.1	97580	0.2
15_08_2021	18	18	1098	11.1	23.1	73	1.7	97570	0.2
15_08_2021	19	19	1099	0.0	21.6	85	2.8	97580	0.2
15_08_2021	20	20	1100	0.0	21.3	86	3.3	97600	0.2
15_08_2021	21	21	1101	0.0	20.9	87	2.2	97580	0.2
15_08_2021	22	22	1102	0.0	19.9	91	1.1	97560	0.2
15_08_2021	23	23	1103	0.0	19.9	91	3	97550	0.2
16_08_2021	0	0	1104	0.0	19.6	92	3.5	97500	0.2
16_08_2021	1	1	1105	0.0	19.6	91	2.7	97450	0.2
16_08_2021	2	2	1106	0.0	19.6	90	2.6	97430	0.2
16_08_2021	3	3	1107	0.0	20.1	88	2.8	97500	0.2
16_08_2021	4	4	1108	2.8	20.5	83	3.2	97520	0.2
16_08_2021	5	5	1109	33.3	19.8	81	3.8	97550	0.2
16_08_2021	6	6	1110	94.4	19.4	81	5.1	97650	0.2
16_08_2021	7	7	1111	261.1	19.9	71	5	97720	0.2
16_08_2021	8	8	1112	397.2	20	65	4.3	97740	0.2
16_08_2021	9	9	1113	250.0	19.5	65	5.4	97760	0.2
16_08_2021	10	10	1114	427.8	20.1	61	6.3	97740	0.2
16_08_2021	11	11	1115	486.1	19.8	58	7	97730	0.2
16_08_2021	12	12	1116	636.1	21.1	56	5.9	97690	0.2
16_08_2021	13	13	1117	605.6	21.3	55	6.5	97700	0.2
16_08_2021	14	14	1118	569.4	21.2	46	7	97690	0.2
16_08_2021	15	15	1119	338.9	21.4	52	6.2	97690	0.2
16_08_2021	16	16	1120	263.9	21.1	50	6.4	97770	0.2
16_08_2021	17	17	1121	102.8	20.1	56	6.5	97760	0.2
16_08_2021	18	18	1122	13.9	19.2	56	5.2	97780	0.2
16_08_2021	19	19	1123	0.0	16.9	72	5.9	97920	0.2
16_08_2021	20	20	1124	0.0	13.4	93	6.1	98070	0.2
16_08_2021	21	21	1125	0.0	14	88	4.1	98100	0.2
16_08_2021	22	22	1126	0.0	13.9	90	3.5	98100	0.2
16_08_2021	23	23	1127	0.0	12	92	4.9	98210	0.2
17_08_2021	0	0	1128	0.0	11.5	92	3.2	98190	0.2
17_08_2021	1	1	1129	0.0	11.4	92	2.6	98210	0.2
17_08_2021	2	2	1130	0.0	11	87	3.4	98280	0.2
17_08_2021	3	3	1131	0.0	10.5	88	3.2	98310	0.2
17_08_2021	4	4	1132	2.8	10	88	2.6	98320	0.2
17_08_2021	5	5	1133	38.9	9.8	86	2.1	98370	0.2
17_08_2021	6	6	1134	208.3	10.9	80	2.6	98390	0.2
17_08_2021	7	7	1135	361.1	13	73	2.2	98420	0.2
17_08_2021	8	8	1136	388.9	13.7	68	2.7	98440	0.2
17_08_2021	9	9	1137	575.0	14.7	61	3.6	98450	0.2
17_08_2021	10	10	1138	425.0	16	53	3.8	98420	0.2
17_08_2021	11	11	1139	616.7	15.8	52	3.7	98380	0.2
17_08_2021	12	12	1140	852.8	16.8	45	3.6	98340	0.2
17_08_2021	13	13	1141	675.0	18	43	3.4	98310	0.2
17_08_2021	14	14	1142	347.2	17.8	46	3.5	98250	0.2
17_08_2021	15	15	1143	197.2	17.6	50	3.7	98230	0.2
17_08_2021	16	16	1144	66.7	17	55	4	98200	0.2
17_08_2021	17	17	1145	44.4	16.7	58	3.2	98170	0.2
17_08_2021	18	18	1146	5.6	16.3	62	3	98170	0.2
17_08_2021	19	19	1147	0.0	14.9	74	2.2	98200	0.2
17_08_2021	20	20	1148	0.0	14.1	83	1.8	98240	0.2
17_08_2021	21	21	1149	0.0	13.7	83	1.8	98200	0.2
17_08_2021	22	22	1150	0.0	13.8	83	2.1	98190	0.2
17_08_2021	23	23	1151	0.0	13.9	85	3.2	98160	0.2
18_08_2021	0	0	1152	0.0	13.8	84	2.6	98180	0.2
18_08_2021	1	1	1153	0.0	13.7	87	1.6	98160	0.2
18_08_2021	2	2	1154	0.0	13.9	83	1.2	98140	0.2
18_08_2021	3	3	1155	0.0	14	83	1.8	98140	0.2
18_08_2021	4	4	1156	0.0	13.9	83	1.8	98140	0.2
18_08_2021	5	5	1157	8.3	14	83	1.6	98160	0.2
18_08_2021	6	6	1158	41.7	13.8	87	1.4	98170	0.2
18_08_2021	7	7	1159	102.8	14.7	83	1.8	98180	0.2
18_08_2021	8	8	1160	238.9	15.4	79	1.9	98170	0.2
18_08_2021	9	9	1161	213.9	16.7	74	2.8	98170	0.2
18_08_2021	10	10	1162	233.3	17	72	3.6	98170	0.2
18_08_2021	11	11	1163	416.7	18.1	71	3.9	98150	0.2
18_08_2021	12	12	1164	233.3	18.1	71	3.8	98140	0.2
18_08_2021	13	13	1165	358.3	18.9	65	3.4	98120	0.2
18_08_2021	14	14	1166	325.0	19.5	62	3.6	98080	0.2
18_08_2021	15	15	1167	163.9	19.2	64	3.8	98060	0.2
18_08_2021	16	16	1168	244.4	19.6	66	3.6	98050	0.2
18_08_2021	17	17	1169	86.1	19	66	4	98010	0.2
18_08_2021	18	18	1170	16.7	18.7	67	3.1	98000	0.2
18_08_2021	19	19	1171	0.0	18	72	3.1	98020	0.2
18_08_2021	20	20	1172	0.0	17	79	3.1	98040	0.2
18_08_2021	21	21	1173	0.0	17.1	77	1.3	98030	0.2
18_08_2021	22	22	1174	0.0	16.9	77	1.2	98040	0.2
18_08_2021	23	23	1175	0.0	16.7	79	1.6	98040	0.2
19_08_2021	0	0	1176	0.0	16.5	78	2.2	98030	0.2
19_08_2021	1	1	1177	0.0	16.4	79	2.1	97990	0.2
19_08_2021	2	2	1178	0.0	16.3	80	1.8	97980	0.2
19_08_2021	3	3	1179	0.0	16.2	80	2	97970	0.2
19_08_2021	4	4	1180	0.0	16.1	80	1.8	97950	0.2
19_08_2021	5	5	1181	13.9	16.2	78	2	97930	0.2
19_08_2021	6	6	1182	52.8	16.5	76	1.2	97990	0.2
19_08_2021	7	7	1183	169.4	17.1	75	1.2	98000	0.2
19_08_2021	8	8	1184	216.7	17.6	72	1.9	98010	0.2
19_08_2021	9	9	1185	322.2	18.1	71	2.1	98020	0.2
19_08_2021	10	10	1186	427.8	19.5	63	2.6	98000	0.2
19_08_2021	11	11	1187	166.7	19.2	63	2.1	97990	0.2
19_08_2021	12	12	1188	291.7	19.5	68	1.8	97980	0.2
19_08_2021	13	13	1189	288.9	20.5	62	1.3	97960	0.2
19_08_2021	14	14	1190	125.0	20.4	61	1.4	97940	0.2
19_08_2021	15	15	1191	80.6	20.5	60	1.4	97920	0.2
19_08_2021	16	16	1192	69.4	19.8	64	2	97900	0.2
19_08_2021	17	17	1193	75.0	20.2	64	1.7	97900	0.2
19_08_2021	18	18	1194	16.7	19.7	67	1.8	97890	0.2
19_08_2021	19	19	1195	0.0	19	69	2	97920	0.2
19_08_2021	20	20	1196	0.0	18.4	71	1.8	97960	0.2
19_08_2021	21	21	1197	0.0	18.2	72	1.5	97970	0.2
19_08_2021	22	22	1198	0.0	18.3	72	1.1	97990	0.2
19_08_2021	23	23	1199	0.0	18	73	1.4	97980	0.2
20_08_2021	0	0	1200	0.0	17.3	79	0.9	97970	0.2
20_08_2021	1	1	1201	0.0	17.1	80	1.1	97950	0.2
20_08_2021	2	2	1202	0.0	16.6	81	1	97940	0.2
20_08_2021	3	3	1203	0.0	16.7	78	0.7	97950	0.2
20_08_2021	4	4	1204	0.0	16.3	87	0.9	97960	0.2
20_08_2021	5	5	1205	13.9	16.7	82	1.3	97980	0.2
20_08_2021	6	6	1206	72.2	17.2	82	1.2	98030	0.2
20_08_2021	7	7	1207	272.2	18.2	74	0.9	98060	0.2
20_08_2021	8	8	1208	369.4	19.1	73	2.2	98060	0.2
20_08_2021	9	9	1209	422.2	21	69	2.4	98090	0.2
20_08_2021	10	10	1210	425.0	21	63	2.9	98080	0.2
20_08_2021	11	11	1211	738.9	21.7	53	2.9	98070	0.2
20_08_2021	12	12	1212	572.2	22.2	54	3.1	98050	0.2
20_08_2021	13	13	1213	758.3	23.1	50	2.7	98050	0.2
20_08_2021	14	14	1214	438.9	22.7	50	3.2	98040	0.2
20_08_2021	15	15	1215	383.3	23.4	48	2.8	98030	0.2
20_08_2021	16	16	1216	319.4	23.2	49	2.5	98040	0.2
20_08_2021	17	17	1217	161.1	23.3	47	2	98050	0.2
20_08_2021	18	18	1218	38.9	22.3	51	1.7	98060	0.2
20_08_2021	19	19	1219	0.0	20.6	58	1.4	98100	0.2
20_08_2021	20	20	1220	0.0	19.6	62	1	98150	0.2
20_08_2021	21	21	1221	0.0	19.2	67	0.7	98170	0.2
20_08_2021	22	22	1222	0.0	17.3	76	0.8	98180	0.2
20_08_2021	23	23	1223	0.0	16.3	82	0.8	98180	0.2
21_08_2021	0	0	1224	0.0	16	83	0.9	98170	0.2
21_08_2021	1	1	1225	0.0	15.8	84	1.2	98160	0.2
21_08_2021	2	2	1226	0.0	15.4	87	0.6	98140	0.2
21_08_2021	3	3	1227	0.0	14.8	89	0.6	98120	0.2
21_08_2021	4	4	1228	0.0	14.7	90	1.2	98110	0.2
21_08_2021	5	5	1229	50.0	14.2	94	0.8	98130	0.2
21_08_2021	6	6	1230	136.1	15.1	90	1.1	98140	0.2
21_08_2021	7	7	1231	280.6	16.8	81	1.2	98170	0.2
21_08_2021	8	8	1232	491.7	19.5	69	2	98160	0.2
21_08_2021	9	9	1233	619.4	21.7	63	2.4	98160	0.2
21_08_2021	10	10	1234	705.6	23.4	60	2.1	98140	0.2
21_08_2021	11	11	1235	761.1	25	54	1.8	98110	0.2
21_08_2021	12	12	1236	650.0	25.5	51	1.9	98070	0.2
21_08_2021	13	13	1237	611.1	26.6	46	1.7	98050	0.2
21_08_2021	14	14	1238	616.7	27.2	44	1.8	98000	0.2
21_08_2021	15	15	1239	433.3	27.7	44	2	97970	0.2
21_08_2021	16	16	1240	297.2	27.2	46	2.1	97980	0.2
21_08_2021	17	17	1241	136.1	26.1	50	3.3	97960	0.2
21_08_2021	18	18	1242	30.6	24.7	55	2.9	97970	0.2
21_08_2021	19	19	1243	0.0	23.2	59	2.2	98000	0.2
21_08_2021	20	20	1244	0.0	22.5	63	1.4	98030	0.2
21_08_2021	21	21	1245	0.0	22.1	64	0.9	97990	0.2
21_08_2021	22	22	1246	0.0	20.1	75	1.2	97990	0.2
21_08_2021	23	23	1247	0.0	19.4	79	1.7	97990	0.2
22_08_2021	0	0	1248	0.0	19.8	75	1.3	98000	0.2
22_08_2021	1	1	1249	0.0	16.4	90	5.5	98170	0.2
22_08_2021	2	2	1250	0.0	15.7	95	3	98070	0.2
22_08_2021	3	3	1251	0.0	16.4	94	4.4	98020	0.2
22_08_2021	4	4	1252	0.0	16.7	90	3.6	98040	0.2
22_08_2021	5	5	1253	30.6	17	88	1.8	98080	0.2
22_08_2021	6	6	1254	55.6	17	94	2.5	98110	0.2
22_08_2021	7	7	1255	108.3	18.2	89	2	98090	0.2
22_08_2021	8	8	1256	186.1	19.3	81	1.6	98090	0.2
22_08_2021	9	9	1257	261.1	20.5	77	2	98130	0.2
22_08_2021	10	10	1258	150.0	19.2	80	2.8	98130	0.2
22_08_2021	11	11	1259	61.1	18.5	88	3.1	98120	0.2
22_08_2021	12	12	1260	138.9	16.4	90	3.7	98160	0.2
22_08_2021	13	13	1261	172.2	16.7	94	2.6	98160	0.2
22_08_2021	14	14	1262	105.6	16.9	91	2.8	98120	0.2
22_08_2021	15	15	1263	116.7	17.4	94	1.2	98100	0.2
22_08_2021	16	16	1264	36.1	16	91	2	98160	0.2
22_08_2021	17	17	1265	97.2	15.7	92	3	98180	0.2
22_08_2021	18	18	1266	44.4	16.5	84	1.3	98200	0.2
22_08_2021	19	19	1267	0.0	15.4	85	2.1	98220	0.2
22_08_2021	20	20	1268	0.0	15.4	83	2.4	98290	0.2
22_08_2021	21	21	1269	0.0	14.8	86	2	98330	0.2
22_08_2021	22	22	1270	0.0	15.4	84	2.8	98340	0.2
22_08_2021	23	23	1271	0.0	15.5	83	2.2	98350	0.2
23_08_2021	0	0	1272	0.0	15.2	86	2.9	98350	0.2
23_08_2021	1	1	1273	0.0	14.7	90	2.7	98320	0.2
23_08_2021	2	2	1274	0.0	15.1	85	2.4	98330	0.2
23_08_2021	3	3	1275	0.0	15	88	1.6	98320	0.2
23_08_2021	4	4	1276	0.0	15.2	85	0.9	98320	0.2
23_08_2021	5	5	1277	8.3	15	87	1	98350	0.2
23_08_2021	6	6	1278	66.7	15.1	88	1.1	98370	0.2
23_08_2021	7	7	1279	130.6	15.7	85	1	98360	0.2
23_08_2021	8	8	1280	186.1	16.4	82	1.2	98370	0.2
23_08_2021	9	9	1281	250.0	17.5	78	2	98400	0.2
23_08_2021	10	10	1282	325.0	17.7	80	1.7	98410	0.2
23_08_2021	11	11	1283	383.3	18.1	73	3.4	98410	0.2
23_08_2021	12	12	1284	630.6	19	70	4.3	98390	0.2
23_08_2021	13	13	1285	738.9	19.6	64	3.4	98370	0.2
23_08_2021	14	14	1286	580.6	19.5	68	3.5	98350	0.2
23_08_2021	15	15	1287	411.1	20.8	65	3.4	98340	0.2
23_08_2021	16	16	1288	163.9	20.4	62	3.6	98350	0.2
23_08_2021	17	17	1289	69.4	18	83	1.7	98390	0.2
23_08_2021	18	18	1290	11.1	16.8	89	1.6	98440	0.2
23_08_2021	19	19	1291	0.0	16.3	91	2.2	98480	0.2
23_08_2021	20	20	1292	0.0	16.2	92	2.7	98570	0.2
23_08_2021	21	21	1293	0.0	15.5	91	1.9	98600	0.2
23_08_2021	22	22	1294	0.0	15.3	88	1.3	98600	0.2
23_08_2021	23	23	1295	0.0	14.4	92	1.3	98620	0.2
24_08_2021	0	0	1296	0.0	14.6	91	1.5	98630	0.2
24_08_2021	1	1	1297	0.0	14.4	84	1.6	98620	0.2
24_08_2021	2	2	1298	0.0	13.8	83	1.9	98610	0.2
24_08_2021	3	3	1299	0.0	12.8	90	1.4	98610	0.2
24_08_2021	4	4	1300	0.0	12.2	93	1.4	98620	0.2
24_08_2021	5	5	1301	25.0	11.9	95	1.5	98650	0.2
24_08_2021	6	6	1302	94.4	12.6	95	1.4	98670	0.2
24_08_2021	7	7	1303	119.4	13.2	88	1.5	98680	0.2
24_08_2021	8	8	1304	191.7	13.3	86	1.6	98670	0.2
24_08_2021	9	9	1305	283.3	14.3	77	2	98700	0.2
24_08_2021	10	10	1306	244.4	15.1	78	1.7	98680	0.2
24_08_2021	11	11	1307	250.0	15.3	77	2.3	98700	0.2
24_08_2021	12	12	1308	261.1	15.7	76	2.1	98710	0.2
24_08_2021	13	13	1309	222.2	16.3	75	2.6	98710	0.2
24_08_2021	14	14	1310	311.1	17	73	2.5	98690	0.2
24_08_2021	15	15	1311	230.6	17.5	71	3	98670	0.2
24_08_2021	16	16	1312	261.1	18.3	68	2.9	98640	0.2
24_08_2021	17	17	1313	161.1	18.3	69	3.1	98600	0.2
24_08_2021	18	18	1314	33.3	17.5	71	3	98620	0.2
24_08_2021	19	19	1315	0.0	16.7	72	2.7	98640	0.2
24_08_2021	20	20	1316	0.0	15.8	76	1.3	98640	0.2
24_08_2021	21	21	1317	0.0	14.8	81	1.1	98640	0.2
24_08_2021	22	22	1318	0.0	14.2	82	1.5	98620	0.2
24_08_2021	23	23	1319	0.0	13.5	85	1.5	98610	0.2
25_08_2021	0	0	1320	0.0	12.9	87	1.8	98580	0.2
25_08_2021	1	1	1321	0.0	12.5	87	1.5	98550	0.2
25_08_2021	2	2	1322	0.0	12.3	88	1.6	98520	0.2
25_08_2021	3	3	1323	0.0	11.5	90	1.4	98500	0.2
25_08_2021	4	4	1324	0.0	11.1	92	1.5	98460	0.2
25_08_2021	5	5	1325	25.0	10.8	93	1	98450	0.2
25_08_2021	6	6	1326	161.1	11.6	88	1.1	98460	0.2
25_08_2021	7	7	1327	336.1	13.5	79	0.8	98450	0.2
25_08_2021	8	8	1328	500.0	15.1	73	1	98430	0.2
25_08_2021	9	9	1329	641.7	17.1	70	1.7	98420	0.2
25_08_2021	10	10	1330	641.7	18	62	1.8	98390	0.2
25_08_2021	11	11	1331	672.2	18.1	61	2.9	98340	0.2
25_08_2021	12	12	1332	786.1	20.1	51	2.7	98280	0.2
25_08_2021	13	13	1333	725.0	19.6	49	2.9	98240	0.2
25_08_2021	14	14	1334	622.2	20.6	49	2.7	98200	0.2
25_08_2021	15	15	1335	502.8	20.7	47	2	98140	0.2
25_08_2021	16	16	1336	327.8	20.7	45	1.8	98090	0.2
25_08_2021	17	17	1337	169.4	20.3	48	1.4	98060	0.2
25_08_2021	18	18	1338	33.3	19.5	51	1	98030	0.2
25_08_2021	19	19	1339	0.0	16.7	65	2.1	98030	0.2
25_08_2021	20	20	1340	0.0	16.4	65	2.7	98020	0.2
25_08_2021	21	21	1341	0.0	15.4	69	2.4	97970	0.2
25_08_2021	22	22	1342	0.0	14.8	73	2.4	97930	0.2
25_08_2021	23	23	1343	0.0	14.5	76	1.3	97910	0.2
26_08_2021	0	0	1344	0.0	14.2	78	1.9	97850	0.2
26_08_2021	1	1	1345	0.0	13.8	79	1.6	97810	0.2
26_08_2021	2	2	1346	0.0	13.4	80	1	97770	0.2
26_08_2021	3	3	1347	0.0	13.5	75	1.9	97710	0.2
26_08_2021	4	4	1348	0.0	13.5	75	2.8	97690	0.2
26_08_2021	5	5	1349	8.3	13.8	75	3	97660	0.2
26_08_2021	6	6	1350	27.8	14.2	75	2.1	97680	0.2
26_08_2021	7	7	1351	58.3	14.5	75	2.3	97700	0.2
26_08_2021	8	8	1352	77.8	14.8	74	3.2	97670	0.2
26_08_2021	9	9	1353	166.7	13.5	90	4.1	97680	0.2
26_08_2021	10	10	1354	133.3	13.9	92	3.6	97700	0.2
26_08_2021	11	11	1355	319.4	14.1	89	4.7	97700	0.2
26_08_2021	12	12	1356	372.2	15	76	4.2	97680	0.2
26_08_2021	13	13	1357	536.1	16.7	68	4.2	97660	0.2
26_08_2021	14	14	1358	386.1	17.3	64	4.7	97620	0.2
26_08_2021	15	15	1359	144.4	16.8	65	4.3	97610	0.2
26_08_2021	16	16	1360	161.1	16.3	68	4.6	97610	0.2
26_08_2021	17	17	1361	102.8	16.6	62	3.4	97600	0.2
26_08_2021	18	18	1362	22.2	16.3	61	4.3	97610	0.2
26_08_2021	19	19	1363	0.0	14.7	76	2.7	97680	0.2
26_08_2021	20	20	1364	0.0	13.8	78	2.8	97720	0.2
26_08_2021	21	21	1365	0.0	13.6	76	3.5	97730	0.2
26_08_2021	22	22	1366	0.0	13.1	77	3.8	97740	0.2
26_08_2021	23	23	1367	0.0	12.5	80	4.2	97740	0.2
27_08_2021	0	0	1368	0.0	13.1	80	3.6	97750	0.2
27_08_2021	1	1	1369	0.0	13	82	1.7	97740	0.2
27_08_2021	2	2	1370	0.0	13.1	83	2.2	97750	0.2
27_08_2021	3	3	1371	0.0	13	85	2.3	97750	0.2
27_08_2021	4	4	1372	0.0	12.8	87	2.6	97740	0.2
27_08_2021	5	5	1373	11.1	12.6	88	3.2	97780	0.2
27_08_2021	6	6	1374	86.1	12.7	89	3.6	97830	0.2
27_08_2021	7	7	1375	283.3	13.3	80	3.8	97860	0.2
27_08_2021	8	8	1376	377.8	14.2	72	3.6	97890	0.2
27_08_2021	9	9	1377	533.3	15.7	67	3.9	97910	0.2
27_08_2021	10	10	1378	566.7	15.2	66	4.6	97930	0.2
27_08_2021	11	11	1379	211.1	15.3	63	4.3	97910	0.2
27_08_2021	12	12	1380	294.4	16.1	62	4.6	97910	0.2
27_08_2021	13	13	1381	594.4	16.5	59	5.5	97920	0.2
27_08_2021	14	14	1382	475.0	17.2	57	5.2	97910	0.2
27_08_2021	15	15	1383	511.1	17.2	57	5.1	97880	0.2
27_08_2021	16	16	1384	233.3	17.5	56	4.4	97880	0.2
27_08_2021	17	17	1385	86.1	16.8	59	4.2	97880	0.2
27_08_2021	18	18	1386	5.6	16.3	63	4.6	97890	0.2
27_08_2021	19	19	1387	0.0	15.4	69	4.1	97950	0.2
27_08_2021	20	20	1388	0.0	14.1	81	3.9	97990	0.2
27_08_2021	21	21	1389	0.0	13.4	87	3	97970	0.2
27_08_2021	22	22	1390	0.0	13.8	84	3.7	97960	0.2
27_08_2021	23	23	1391	0.0	13.8	83	3.1	97960	0.2
28_08_2021	0	0	1392	0.0	13.7	84	3.4	97960	0.2
28_08_2021	1	1	1393	0.0	13.5	85	3.9	97950	0.2
28_08_2021	2	2	1394	0.0	13.4	85	4.1	97940	0.2
28_08_2021	3	3	1395	0.0	13.1	87	3.9	97940	0.2
28_08_2021	4	4	1396	0.0	13	88	4	97930	0.2
28_08_2021	5	5	1397	8.3	12.6	92	3.2	97940	0.2
28_08_2021	6	6	1398	63.9	12.9	90	3.3	97980	0.2
28_08_2021	7	7	1399	133.3	13.2	88	3.2	97990	0.2
28_08_2021	8	8	1400	183.3	13.6	81	3.1	97990	0.2
28_08_2021	9	9	1401	188.9	14.1	77	2.9	98000	0.2
28_08_2021	10	10	1402	161.1	13.8	78	3.1	98040	0.2
28_08_2021	11	11	1403	447.2	14	80	2.4	98030	0.2
28_08_2021	12	12	1404	441.7	15.1	67	2.1	98040	0.2
28_08_2021	13	13	1405	541.7	16.3	63	1.8	98020	0.2
28_08_2021	14	14	1406	466.7	16.5	62	3.4	98000	0.2
28_08_2021	15	15	1407	283.3	16.9	65	3.6	97990	0.2
28_08_2021	16	16	1408	55.6	15.5	70	4.5	98020	0.2
28_08_2021	17	17	1409	116.7	15.2	72	4.3	98020	0.2
28_08_2021	18	18	1410	27.8	14.4	75	3.9	98050	0.2
28_08_2021	19	19	1411	0.0	13.5	81	3	98100	0.2
28_08_2021	20	20	1412	0.0	12.9	83	2.8	98140	0.2
28_08_2021	21	21	1413	0.0	12.9	83	2.6	98130	0.2
28_08_2021	22	22	1414	0.0	12.7	83	2.4	98130	0.2
28_08_2021	23	23	1415	0.0	12.5	85	1.4	98110	0.2
29_08_2021	0	0	1416	0.0	12.3	87	1.1	98080	0.2
29_08_2021	1	1	1417	0.0	12.3	88	1.2	98050	0.2
29_08_2021	2	2	1418	0.0	12.5	89	1	98020	0.2
29_08_2021	3	3	1419	0.0	12.4	92	0.9	98000	0.2
29_08_2021	4	4	1420	0.0	12	96	1.2	97980	0.2
29_08_2021	5	5	1421	2.8	11.8	97	2.2	97950	0.2
29_08_2021	6	6	1422	22.2	11.9	98	1.8	97950	0.2
29_08_2021	7	7	1423	61.1	12	96	1.9	97930	0.2
29_08_2021	8	8	1424	83.3	12	97	3	97920	0.2
29_08_2021	9	9	1425	122.2	12.3	97	2.9	97920	0.2
29_08_2021	10	10	1426	152.8	13.1	97	2.1	97920	0.2
29_08_2021	11	11	1427	152.8	14.2	94	1.8	97900	0.2
29_08_2021	12	12	1428	250.0	15	89	4.8	97900	0.2
29_08_2021	13	13	1429	152.8	14.3	90	5.9	97900	0.2
29_08_2021	14	14	1430	152.8	14.1	94	5.2	97910	0.2
29_08_2021	15	15	1431	111.1	14.1	94	4.9	97900	0.2
29_08_2021	16	16	1432	55.6	13.7	94	4.9	97900	0.2
29_08_2021	17	17	1433	16.7	13.7	94	4.3	97890	0.2
29_08_2021	18	18	1434	5.6	13.7	93	4.2	97900	0.2
29_08_2021	19	19	1435	0.0	13.6	94	4	97920	0.2
29_08_2021	20	20	1436	0.0	13.6	94	3.6	97920	0.2
29_08_2021	21	21	1437	0.0	13.5	95	4	97900	0.2
29_08_2021	22	22	1438	0.0	13.4	96	3.8	97880	0.2
29_08_2021	23	23	1439	0.0	13.5	96	4.2	97870	0.2
30_08_2021	0	0	1440	0.0	13.6	96	3.7	97850	0.2
30_08_2021	1	1	1441	0.0	13.7	95	4.4	97830	0.2
30_08_2021	2	2	1442	0.0	13.8	94	4.3	97800	0.2
30_08_2021	3	3	1443	0.0	13.5	95	4.4	97780	0.2
30_08_2021	4	4	1444	0.0	13.6	95	5.4	97750	0.2
30_08_2021	5	5	1445	2.8	13.8	95	5.6	97770	0.2
30_08_2021	6	6	1446	61.1	13.8	96	5.9	97790	0.2
30_08_2021	7	7	1447	163.9	14.5	93	5.2	97810	0.2
30_08_2021	8	8	1448	108.3	14.6	92	5.4	97830	0.2
30_08_2021	9	9	1449	341.7	14.7	95	5.3	97880	0.2
30_08_2021	10	10	1450	100.0	15	92	5.5	97890	0.2
30_08_2021	11	11	1451	227.8	15.1	93	3.1	97920	0.2
30_08_2021	12	12	1452	158.3	15.8	89	4.4	97940	0.2
30_08_2021	13	13	1453	172.2	14.9	94	3.8	97960	0.2
30_08_2021	14	14	1454	177.8	15.1	91	3.5	97980	0.2
30_08_2021	15	15	1455	183.3	16.4	86	2.2	97990	0.2
30_08_2021	16	16	1456	122.2	16.5	88	2.6	98010	0.2
30_08_2021	17	17	1457	72.2	16	86	3.7	98020	0.2
30_08_2021	18	18	1458	11.1	15.4	89	3.4	98050	0.2
30_08_2021	19	19	1459	0.0	15.1	93	2.9	98110	0.2
30_08_2021	20	20	1460	0.0	14.9	94	3.1	98150	0.2
30_08_2021	21	21	1461	0.0	14.8	93	3.2	98170	0.2
30_08_2021	22	22	1462	0.0	14.6	93	3.2	98180	0.2
30_08_2021	23	23	1463	0.0	14.4	93	3.1	98190	0.2
31_08_2021	0	0	1464	0.0	14.2	93	3.2	98210	0.2
31_08_2021	1	1	1465	0.0	14.2	93	3.2	98220	0.2
31_08_2021	2	2	1466	0.0	13.9	95	3.1	98240	0.2
31_08_2021	3	3	1467	0.0	13.6	95	2.7	98250	0.2
31_08_2021	4	4	1468	0.0	13.7	95	2.9	98270	0.2
31_08_2021	5	5	1469	2.8	13.6	95	2.8	98320	0.2
31_08_2021	6	6	1470	36.1	13.9	95	1.9	98380	0.2
31_08_2021	7	7	1471	141.7	14.5	90	2.4	98410	0.2
31_08_2021	8	8	1472	194.4	14.6	84	2.6	98450	0.2
31_08_2021	9	9	1473	266.7	15.2	81	2.4	98500	0.2
31_08_2021	10	10	1474	294.4	16.1	78	2.3	98530	0.2
31_08_2021	11	11	1475	322.2	16.4	76	2.3	98540	0.2
31_08_2021	12	12	1476	413.9	17.3	71	2.4	98560	0.2
31_08_2021	13	13	1477	519.4	18	69	2.1	98580	0.2
31_08_2021	14	14	1478	216.7	17.1	71	3.2	98570	0.2
31_08_2021	15	15	1479	338.9	17.9	67	2	98580	0.2
31_08_2021	16	16	1480	355.6	18.3	66	3.1	98580	0.2
31_08_2021	17	17	1481	88.9	17.7	71	3.3	98570	0.2
31_08_2021	18	18	1482	16.7	16.9	73	3.1	98600	0.2
31_08_2021	19	19	1483	0.0	15.8	79	2.8	98640	0.2
31_08_2021	20	20	1484	0.0	15.1	82	3.2	98690	0.2
31_08_2021	21	21	1485	0.0	14.2	85	3.1	98720	0.2
31_08_2021	22	22	1486	0.0	13.7	87	1.7	98760	0.2
31_08_2021	23	23	1487	0.0	13.5	87	2.1	98760	0.2
